DateKey,Date,Day,Weekr,Month,MonthShort,MonthNo,Quarter,Year
20190101,2019-01-01,Tuesday,1,January,Jan,1,1,2019
20190102,2019-01-02,Wednesday,1,January,Jan,1,1,2019
20190103,2019-01-03,Thursday,1,January,Jan,1,1,2019
20190104,2019-01-04,Friday,1,January,Jan,1,1,2019
20190105,2019-01-05,Saturday,1,January,Jan,1,1,2019
20190106,2019-01-06,Sunday,2,January,Jan,1,1,2019
20190107,2019-01-07,Monday,2,January,Jan,1,1,2019
20190108,2019-01-08,Tuesday,2,January,Jan,1,1,2019
20190109,2019-01-09,Wednesday,2,January,Jan,1,1,2019
20190110,2019-01-10,Thursday,2,January,Jan,1,1,2019
20190111,2019-01-11,Friday,2,January,Jan,1,1,2019
20190112,2019-01-12,Saturday,2,January,Jan,1,1,2019
20190113,2019-01-13,Sunday,3,January,Jan,1,1,2019
20190114,2019-01-14,Monday,3,January,Jan,1,1,2019
20190115,2019-01-15,Tuesday,3,January,Jan,1,1,2019
20190116,2019-01-16,Wednesday,3,January,Jan,1,1,2019
20190117,2019-01-17,Thursday,3,January,Jan,1,1,2019
20190118,2019-01-18,Friday,3,January,Jan,1,1,2019
20190119,2019-01-19,Saturday,3,January,Jan,1,1,2019
20190120,2019-01-20,Sunday,4,January,Jan,1,1,2019
20190121,2019-01-21,Monday,4,January,Jan,1,1,2019
20190122,2019-01-22,Tuesday,4,January,Jan,1,1,2019
20190123,2019-01-23,Wednesday,4,January,Jan,1,1,2019
20190124,2019-01-24,Thursday,4,January,Jan,1,1,2019
20190125,2019-01-25,Friday,4,January,Jan,1,1,2019
20190126,2019-01-26,Saturday,4,January,Jan,1,1,2019
20190127,2019-01-27,Sunday,5,January,Jan,1,1,2019
20190128,2019-01-28,Monday,5,January,Jan,1,1,2019
20190129,2019-01-29,Tuesday,5,January,Jan,1,1,2019
20190130,2019-01-30,Wednesday,5,January,Jan,1,1,2019
20190131,2019-01-31,Thursday,5,January,Jan,1,1,2019
20190201,2019-02-01,Friday,5,February,Feb,2,1,2019
20190202,2019-02-02,Saturday,5,February,Feb,2,1,2019
20190203,2019-02-03,Sunday,6,February,Feb,2,1,2019
20190204,2019-02-04,Monday,6,February,Feb,2,1,2019
20190205,2019-02-05,Tuesday,6,February,Feb,2,1,2019
20190206,2019-02-06,Wednesday,6,February,Feb,2,1,2019
20190207,2019-02-07,Thursday,6,February,Feb,2,1,2019
20190208,2019-02-08,Friday,6,February,Feb,2,1,2019
20190209,2019-02-09,Saturday,6,February,Feb,2,1,2019
20190210,2019-02-10,Sunday,7,February,Feb,2,1,2019
20190211,2019-02-11,Monday,7,February,Feb,2,1,2019
20190212,2019-02-12,Tuesday,7,February,Feb,2,1,2019
20190213,2019-02-13,Wednesday,7,February,Feb,2,1,2019
20190214,2019-02-14,Thursday,7,February,Feb,2,1,2019
20190215,2019-02-15,Friday,7,February,Feb,2,1,2019
20190216,2019-02-16,Saturday,7,February,Feb,2,1,2019
20190217,2019-02-17,Sunday,8,February,Feb,2,1,2019
20190218,2019-02-18,Monday,8,February,Feb,2,1,2019
20190219,2019-02-19,Tuesday,8,February,Feb,2,1,2019
20190220,2019-02-20,Wednesday,8,February,Feb,2,1,2019
20190221,2019-02-21,Thursday,8,February,Feb,2,1,2019
20190222,2019-02-22,Friday,8,February,Feb,2,1,2019
20190223,2019-02-23,Saturday,8,February,Feb,2,1,2019
20190224,2019-02-24,Sunday,9,February,Feb,2,1,2019
20190225,2019-02-25,Monday,9,February,Feb,2,1,2019
20190226,2019-02-26,Tuesday,9,February,Feb,2,1,2019
20190227,2019-02-27,Wednesday,9,February,Feb,2,1,2019
20190228,2019-02-28,Thursday,9,February,Feb,2,1,2019
20190301,2019-03-01,Friday,9,March,Mar,3,1,2019
20190302,2019-03-02,Saturday,9,March,Mar,3,1,2019
20190303,2019-03-03,Sunday,10,March,Mar,3,1,2019
20190304,2019-03-04,Monday,10,March,Mar,3,1,2019
20190305,2019-03-05,Tuesday,10,March,Mar,3,1,2019
20190306,2019-03-06,Wednesday,10,March,Mar,3,1,2019
20190307,2019-03-07,Thursday,10,March,Mar,3,1,2019
20190308,2019-03-08,Friday,10,March,Mar,3,1,2019
20190309,2019-03-09,Saturday,10,March,Mar,3,1,2019
20190310,2019-03-10,Sunday,11,March,Mar,3,1,2019
20190311,2019-03-11,Monday,11,March,Mar,3,1,2019
20190312,2019-03-12,Tuesday,11,March,Mar,3,1,2019
20190313,2019-03-13,Wednesday,11,March,Mar,3,1,2019
20190314,2019-03-14,Thursday,11,March,Mar,3,1,2019
20190315,2019-03-15,Friday,11,March,Mar,3,1,2019
20190316,2019-03-16,Saturday,11,March,Mar,3,1,2019
20190317,2019-03-17,Sunday,12,March,Mar,3,1,2019
20190318,2019-03-18,Monday,12,March,Mar,3,1,2019
20190319,2019-03-19,Tuesday,12,March,Mar,3,1,2019
20190320,2019-03-20,Wednesday,12,March,Mar,3,1,2019
20190321,2019-03-21,Thursday,12,March,Mar,3,1,2019
20190322,2019-03-22,Friday,12,March,Mar,3,1,2019
20190323,2019-03-23,Saturday,12,March,Mar,3,1,2019
20190324,2019-03-24,Sunday,13,March,Mar,3,1,2019
20190325,2019-03-25,Monday,13,March,Mar,3,1,2019
20190326,2019-03-26,Tuesday,13,March,Mar,3,1,2019
20190327,2019-03-27,Wednesday,13,March,Mar,3,1,2019
20190328,2019-03-28,Thursday,13,March,Mar,3,1,2019
20190329,2019-03-29,Friday,13,March,Mar,3,1,2019
20190330,2019-03-30,Saturday,13,March,Mar,3,1,2019
20190331,2019-03-31,Sunday,14,March,Mar,3,1,2019
20190401,2019-04-01,Monday,14,April,Apr,4,2,2019
20190402,2019-04-02,Tuesday,14,April,Apr,4,2,2019
20190403,2019-04-03,Wednesday,14,April,Apr,4,2,2019
20190404,2019-04-04,Thursday,14,April,Apr,4,2,2019
20190405,2019-04-05,Friday,14,April,Apr,4,2,2019
20190406,2019-04-06,Saturday,14,April,Apr,4,2,2019
20190407,2019-04-07,Sunday,15,April,Apr,4,2,2019
20190408,2019-04-08,Monday,15,April,Apr,4,2,2019
20190409,2019-04-09,Tuesday,15,April,Apr,4,2,2019
20190410,2019-04-10,Wednesday,15,April,Apr,4,2,2019
20190411,2019-04-11,Thursday,15,April,Apr,4,2,2019
20190412,2019-04-12,Friday,15,April,Apr,4,2,2019
20190413,2019-04-13,Saturday,15,April,Apr,4,2,2019
20190414,2019-04-14,Sunday,16,April,Apr,4,2,2019
20190415,2019-04-15,Monday,16,April,Apr,4,2,2019
20190416,2019-04-16,Tuesday,16,April,Apr,4,2,2019
20190417,2019-04-17,Wednesday,16,April,Apr,4,2,2019
20190418,2019-04-18,Thursday,16,April,Apr,4,2,2019
20190419,2019-04-19,Friday,16,April,Apr,4,2,2019
20190420,2019-04-20,Saturday,16,April,Apr,4,2,2019
20190421,2019-04-21,Sunday,17,April,Apr,4,2,2019
20190422,2019-04-22,Monday,17,April,Apr,4,2,2019
20190423,2019-04-23,Tuesday,17,April,Apr,4,2,2019
20190424,2019-04-24,Wednesday,17,April,Apr,4,2,2019
20190425,2019-04-25,Thursday,17,April,Apr,4,2,2019
20190426,2019-04-26,Friday,17,April,Apr,4,2,2019
20190427,2019-04-27,Saturday,17,April,Apr,4,2,2019
20190428,2019-04-28,Sunday,18,April,Apr,4,2,2019
20190429,2019-04-29,Monday,18,April,Apr,4,2,2019
20190430,2019-04-30,Tuesday,18,April,Apr,4,2,2019
20190501,2019-05-01,Wednesday,18,May,May,5,2,2019
20190502,2019-05-02,Thursday,18,May,May,5,2,2019
20190503,2019-05-03,Friday,18,May,May,5,2,2019
20190504,2019-05-04,Saturday,18,May,May,5,2,2019
20190505,2019-05-05,Sunday,19,May,May,5,2,2019
20190506,2019-05-06,Monday,19,May,May,5,2,2019
20190507,2019-05-07,Tuesday,19,May,May,5,2,2019
20190508,2019-05-08,Wednesday,19,May,May,5,2,2019
20190509,2019-05-09,Thursday,19,May,May,5,2,2019
20190510,2019-05-10,Friday,19,May,May,5,2,2019
20190511,2019-05-11,Saturday,19,May,May,5,2,2019
20190512,2019-05-12,Sunday,20,May,May,5,2,2019
20190513,2019-05-13,Monday,20,May,May,5,2,2019
20190514,2019-05-14,Tuesday,20,May,May,5,2,2019
20190515,2019-05-15,Wednesday,20,May,May,5,2,2019
20190516,2019-05-16,Thursday,20,May,May,5,2,2019
20190517,2019-05-17,Friday,20,May,May,5,2,2019
20190518,2019-05-18,Saturday,20,May,May,5,2,2019
20190519,2019-05-19,Sunday,21,May,May,5,2,2019
20190520,2019-05-20,Monday,21,May,May,5,2,2019
20190521,2019-05-21,Tuesday,21,May,May,5,2,2019
20190522,2019-05-22,Wednesday,21,May,May,5,2,2019
20190523,2019-05-23,Thursday,21,May,May,5,2,2019
20190524,2019-05-24,Friday,21,May,May,5,2,2019
20190525,2019-05-25,Saturday,21,May,May,5,2,2019
20190526,2019-05-26,Sunday,22,May,May,5,2,2019
20190527,2019-05-27,Monday,22,May,May,5,2,2019
20190528,2019-05-28,Tuesday,22,May,May,5,2,2019
20190529,2019-05-29,Wednesday,22,May,May,5,2,2019
20190530,2019-05-30,Thursday,22,May,May,5,2,2019
20190531,2019-05-31,Friday,22,May,May,5,2,2019
20190601,2019-06-01,Saturday,22,June,Jun,6,2,2019
20190602,2019-06-02,Sunday,23,June,Jun,6,2,2019
20190603,2019-06-03,Monday,23,June,Jun,6,2,2019
20190604,2019-06-04,Tuesday,23,June,Jun,6,2,2019
20190605,2019-06-05,Wednesday,23,June,Jun,6,2,2019
20190606,2019-06-06,Thursday,23,June,Jun,6,2,2019
20190607,2019-06-07,Friday,23,June,Jun,6,2,2019
20190608,2019-06-08,Saturday,23,June,Jun,6,2,2019
20190609,2019-06-09,Sunday,24,June,Jun,6,2,2019
20190610,2019-06-10,Monday,24,June,Jun,6,2,2019
20190611,2019-06-11,Tuesday,24,June,Jun,6,2,2019
20190612,2019-06-12,Wednesday,24,June,Jun,6,2,2019
20190613,2019-06-13,Thursday,24,June,Jun,6,2,2019
20190614,2019-06-14,Friday,24,June,Jun,6,2,2019
20190615,2019-06-15,Saturday,24,June,Jun,6,2,2019
20190616,2019-06-16,Sunday,25,June,Jun,6,2,2019
20190617,2019-06-17,Monday,25,June,Jun,6,2,2019
20190618,2019-06-18,Tuesday,25,June,Jun,6,2,2019
20190619,2019-06-19,Wednesday,25,June,Jun,6,2,2019
20190620,2019-06-20,Thursday,25,June,Jun,6,2,2019
20190621,2019-06-21,Friday,25,June,Jun,6,2,2019
20190622,2019-06-22,Saturday,25,June,Jun,6,2,2019
20190623,2019-06-23,Sunday,26,June,Jun,6,2,2019
20190624,2019-06-24,Monday,26,June,Jun,6,2,2019
20190625,2019-06-25,Tuesday,26,June,Jun,6,2,2019
20190626,2019-06-26,Wednesday,26,June,Jun,6,2,2019
20190627,2019-06-27,Thursday,26,June,Jun,6,2,2019
20190628,2019-06-28,Friday,26,June,Jun,6,2,2019
20190629,2019-06-29,Saturday,26,June,Jun,6,2,2019
20190630,2019-06-30,Sunday,27,June,Jun,6,2,2019
20190701,2019-07-01,Monday,27,July,Jul,7,3,2019
20190702,2019-07-02,Tuesday,27,July,Jul,7,3,2019
20190703,2019-07-03,Wednesday,27,July,Jul,7,3,2019
20190704,2019-07-04,Thursday,27,July,Jul,7,3,2019
20190705,2019-07-05,Friday,27,July,Jul,7,3,2019
20190706,2019-07-06,Saturday,27,July,Jul,7,3,2019
20190707,2019-07-07,Sunday,28,July,Jul,7,3,2019
20190708,2019-07-08,Monday,28,July,Jul,7,3,2019
20190709,2019-07-09,Tuesday,28,July,Jul,7,3,2019
20190710,2019-07-10,Wednesday,28,July,Jul,7,3,2019
20190711,2019-07-11,Thursday,28,July,Jul,7,3,2019
20190712,2019-07-12,Friday,28,July,Jul,7,3,2019
20190713,2019-07-13,Saturday,28,July,Jul,7,3,2019
20190714,2019-07-14,Sunday,29,July,Jul,7,3,2019
20190715,2019-07-15,Monday,29,July,Jul,7,3,2019
20190716,2019-07-16,Tuesday,29,July,Jul,7,3,2019
20190717,2019-07-17,Wednesday,29,July,Jul,7,3,2019
20190718,2019-07-18,Thursday,29,July,Jul,7,3,2019
20190719,2019-07-19,Friday,29,July,Jul,7,3,2019
20190720,2019-07-20,Saturday,29,July,Jul,7,3,2019
20190721,2019-07-21,Sunday,30,July,Jul,7,3,2019
20190722,2019-07-22,Monday,30,July,Jul,7,3,2019
20190723,2019-07-23,Tuesday,30,July,Jul,7,3,2019
20190724,2019-07-24,Wednesday,30,July,Jul,7,3,2019
20190725,2019-07-25,Thursday,30,July,Jul,7,3,2019
20190726,2019-07-26,Friday,30,July,Jul,7,3,2019
20190727,2019-07-27,Saturday,30,July,Jul,7,3,2019
20190728,2019-07-28,Sunday,31,July,Jul,7,3,2019
20190729,2019-07-29,Monday,31,July,Jul,7,3,2019
20190730,2019-07-30,Tuesday,31,July,Jul,7,3,2019
20190731,2019-07-31,Wednesday,31,July,Jul,7,3,2019
20190801,2019-08-01,Thursday,31,August,Aug,8,3,2019
20190802,2019-08-02,Friday,31,August,Aug,8,3,2019
20190803,2019-08-03,Saturday,31,August,Aug,8,3,2019
20190804,2019-08-04,Sunday,32,August,Aug,8,3,2019
20190805,2019-08-05,Monday,32,August,Aug,8,3,2019
20190806,2019-08-06,Tuesday,32,August,Aug,8,3,2019
20190807,2019-08-07,Wednesday,32,August,Aug,8,3,2019
20190808,2019-08-08,Thursday,32,August,Aug,8,3,2019
20190809,2019-08-09,Friday,32,August,Aug,8,3,2019
20190810,2019-08-10,Saturday,32,August,Aug,8,3,2019
20190811,2019-08-11,Sunday,33,August,Aug,8,3,2019
20190812,2019-08-12,Monday,33,August,Aug,8,3,2019
20190813,2019-08-13,Tuesday,33,August,Aug,8,3,2019
20190814,2019-08-14,Wednesday,33,August,Aug,8,3,2019
20190815,2019-08-15,Thursday,33,August,Aug,8,3,2019
20190816,2019-08-16,Friday,33,August,Aug,8,3,2019
20190817,2019-08-17,Saturday,33,August,Aug,8,3,2019
20190818,2019-08-18,Sunday,34,August,Aug,8,3,2019
20190819,2019-08-19,Monday,34,August,Aug,8,3,2019
20190820,2019-08-20,Tuesday,34,August,Aug,8,3,2019
20190821,2019-08-21,Wednesday,34,August,Aug,8,3,2019
20190822,2019-08-22,Thursday,34,August,Aug,8,3,2019
20190823,2019-08-23,Friday,34,August,Aug,8,3,2019
20190824,2019-08-24,Saturday,34,August,Aug,8,3,2019
20190825,2019-08-25,Sunday,35,August,Aug,8,3,2019
20190826,2019-08-26,Monday,35,August,Aug,8,3,2019
20190827,2019-08-27,Tuesday,35,August,Aug,8,3,2019
20190828,2019-08-28,Wednesday,35,August,Aug,8,3,2019
20190829,2019-08-29,Thursday,35,August,Aug,8,3,2019
20190830,2019-08-30,Friday,35,August,Aug,8,3,2019
20190831,2019-08-31,Saturday,35,August,Aug,8,3,2019
20190901,2019-09-01,Sunday,36,September,Sep,9,3,2019
20190902,2019-09-02,Monday,36,September,Sep,9,3,2019
20190903,2019-09-03,Tuesday,36,September,Sep,9,3,2019
20190904,2019-09-04,Wednesday,36,September,Sep,9,3,2019
20190905,2019-09-05,Thursday,36,September,Sep,9,3,2019
20190906,2019-09-06,Friday,36,September,Sep,9,3,2019
20190907,2019-09-07,Saturday,36,September,Sep,9,3,2019
20190908,2019-09-08,Sunday,37,September,Sep,9,3,2019
20190909,2019-09-09,Monday,37,September,Sep,9,3,2019
20190910,2019-09-10,Tuesday,37,September,Sep,9,3,2019
20190911,2019-09-11,Wednesday,37,September,Sep,9,3,2019
20190912,2019-09-12,Thursday,37,September,Sep,9,3,2019
20190913,2019-09-13,Friday,37,September,Sep,9,3,2019
20190914,2019-09-14,Saturday,37,September,Sep,9,3,2019
20190915,2019-09-15,Sunday,38,September,Sep,9,3,2019
20190916,2019-09-16,Monday,38,September,Sep,9,3,2019
20190917,2019-09-17,Tuesday,38,September,Sep,9,3,2019
20190918,2019-09-18,Wednesday,38,September,Sep,9,3,2019
20190919,2019-09-19,Thursday,38,September,Sep,9,3,2019
20190920,2019-09-20,Friday,38,September,Sep,9,3,2019
20190921,2019-09-21,Saturday,38,September,Sep,9,3,2019
20190922,2019-09-22,Sunday,39,September,Sep,9,3,2019
20190923,2019-09-23,Monday,39,September,Sep,9,3,2019
20190924,2019-09-24,Tuesday,39,September,Sep,9,3,2019
20190925,2019-09-25,Wednesday,39,September,Sep,9,3,2019
20190926,2019-09-26,Thursday,39,September,Sep,9,3,2019
20190927,2019-09-27,Friday,39,September,Sep,9,3,2019
20190928,2019-09-28,Saturday,39,September,Sep,9,3,2019
20190929,2019-09-29,Sunday,40,September,Sep,9,3,2019
20190930,2019-09-30,Monday,40,September,Sep,9,3,2019
20191001,2019-10-01,Tuesday,40,October,Oct,10,4,2019
20191002,2019-10-02,Wednesday,40,October,Oct,10,4,2019
20191003,2019-10-03,Thursday,40,October,Oct,10,4,2019
20191004,2019-10-04,Friday,40,October,Oct,10,4,2019
20191005,2019-10-05,Saturday,40,October,Oct,10,4,2019
20191006,2019-10-06,Sunday,41,October,Oct,10,4,2019
20191007,2019-10-07,Monday,41,October,Oct,10,4,2019
20191008,2019-10-08,Tuesday,41,October,Oct,10,4,2019
20191009,2019-10-09,Wednesday,41,October,Oct,10,4,2019
20191010,2019-10-10,Thursday,41,October,Oct,10,4,2019
20191011,2019-10-11,Friday,41,October,Oct,10,4,2019
20191012,2019-10-12,Saturday,41,October,Oct,10,4,2019
20191013,2019-10-13,Sunday,42,October,Oct,10,4,2019
20191014,2019-10-14,Monday,42,October,Oct,10,4,2019
20191015,2019-10-15,Tuesday,42,October,Oct,10,4,2019
20191016,2019-10-16,Wednesday,42,October,Oct,10,4,2019
20191017,2019-10-17,Thursday,42,October,Oct,10,4,2019
20191018,2019-10-18,Friday,42,October,Oct,10,4,2019
20191019,2019-10-19,Saturday,42,October,Oct,10,4,2019
20191020,2019-10-20,Sunday,43,October,Oct,10,4,2019
20191021,2019-10-21,Monday,43,October,Oct,10,4,2019
20191022,2019-10-22,Tuesday,43,October,Oct,10,4,2019
20191023,2019-10-23,Wednesday,43,October,Oct,10,4,2019
20191024,2019-10-24,Thursday,43,October,Oct,10,4,2019
20191025,2019-10-25,Friday,43,October,Oct,10,4,2019
20191026,2019-10-26,Saturday,43,October,Oct,10,4,2019
20191027,2019-10-27,Sunday,44,October,Oct,10,4,2019
20191028,2019-10-28,Monday,44,October,Oct,10,4,2019
20191029,2019-10-29,Tuesday,44,October,Oct,10,4,2019
20191030,2019-10-30,Wednesday,44,October,Oct,10,4,2019
20191031,2019-10-31,Thursday,44,October,Oct,10,4,2019
20191101,2019-11-01,Friday,44,November,Nov,11,4,2019
20191102,2019-11-02,Saturday,44,November,Nov,11,4,2019
20191103,2019-11-03,Sunday,45,November,Nov,11,4,2019
20191104,2019-11-04,Monday,45,November,Nov,11,4,2019
20191105,2019-11-05,Tuesday,45,November,Nov,11,4,2019
20191106,2019-11-06,Wednesday,45,November,Nov,11,4,2019
20191107,2019-11-07,Thursday,45,November,Nov,11,4,2019
20191108,2019-11-08,Friday,45,November,Nov,11,4,2019
20191109,2019-11-09,Saturday,45,November,Nov,11,4,2019
20191110,2019-11-10,Sunday,46,November,Nov,11,4,2019
20191111,2019-11-11,Monday,46,November,Nov,11,4,2019
20191112,2019-11-12,Tuesday,46,November,Nov,11,4,2019
20191113,2019-11-13,Wednesday,46,November,Nov,11,4,2019
20191114,2019-11-14,Thursday,46,November,Nov,11,4,2019
20191115,2019-11-15,Friday,46,November,Nov,11,4,2019
20191116,2019-11-16,Saturday,46,November,Nov,11,4,2019
20191117,2019-11-17,Sunday,47,November,Nov,11,4,2019
20191118,2019-11-18,Monday,47,November,Nov,11,4,2019
20191119,2019-11-19,Tuesday,47,November,Nov,11,4,2019
20191120,2019-11-20,Wednesday,47,November,Nov,11,4,2019
20191121,2019-11-21,Thursday,47,November,Nov,11,4,2019
20191122,2019-11-22,Friday,47,November,Nov,11,4,2019
20191123,2019-11-23,Saturday,47,November,Nov,11,4,2019
20191124,2019-11-24,Sunday,48,November,Nov,11,4,2019
20191125,2019-11-25,Monday,48,November,Nov,11,4,2019
20191126,2019-11-26,Tuesday,48,November,Nov,11,4,2019
20191127,2019-11-27,Wednesday,48,November,Nov,11,4,2019
20191128,2019-11-28,Thursday,48,November,Nov,11,4,2019
20191129,2019-11-29,Friday,48,November,Nov,11,4,2019
20191130,2019-11-30,Saturday,48,November,Nov,11,4,2019
20191201,2019-12-01,Sunday,49,December,Dec,12,4,2019
20191202,2019-12-02,Monday,49,December,Dec,12,4,2019
20191203,2019-12-03,Tuesday,49,December,Dec,12,4,2019
20191204,2019-12-04,Wednesday,49,December,Dec,12,4,2019
20191205,2019-12-05,Thursday,49,December,Dec,12,4,2019
20191206,2019-12-06,Friday,49,December,Dec,12,4,2019
20191207,2019-12-07,Saturday,49,December,Dec,12,4,2019
20191208,2019-12-08,Sunday,50,December,Dec,12,4,2019
20191209,2019-12-09,Monday,50,December,Dec,12,4,2019
20191210,2019-12-10,Tuesday,50,December,Dec,12,4,2019
20191211,2019-12-11,Wednesday,50,December,Dec,12,4,2019
20191212,2019-12-12,Thursday,50,December,Dec,12,4,2019
20191213,2019-12-13,Friday,50,December,Dec,12,4,2019
20191214,2019-12-14,Saturday,50,December,Dec,12,4,2019
20191215,2019-12-15,Sunday,51,December,Dec,12,4,2019
20191216,2019-12-16,Monday,51,December,Dec,12,4,2019
20191217,2019-12-17,Tuesday,51,December,Dec,12,4,2019
20191218,2019-12-18,Wednesday,51,December,Dec,12,4,2019
20191219,2019-12-19,Thursday,51,December,Dec,12,4,2019
20191220,2019-12-20,Friday,51,December,Dec,12,4,2019
20191221,2019-12-21,Saturday,51,December,Dec,12,4,2019
20191222,2019-12-22,Sunday,52,December,Dec,12,4,2019
20191223,2019-12-23,Monday,52,December,Dec,12,4,2019
20191224,2019-12-24,Tuesday,52,December,Dec,12,4,2019
20191225,2019-12-25,Wednesday,52,December,Dec,12,4,2019
20191226,2019-12-26,Thursday,52,December,Dec,12,4,2019
20191227,2019-12-27,Friday,52,December,Dec,12,4,2019
20191228,2019-12-28,Saturday,52,December,Dec,12,4,2019
20191229,2019-12-29,Sunday,53,December,Dec,12,4,2019
20191230,2019-12-30,Monday,53,December,Dec,12,4,2019
20191231,2019-12-31,Tuesday,53,December,Dec,12,4,2019
20200101,2020-01-01,Wednesday,1,January,Jan,1,1,2020
20200102,2020-01-02,Thursday,1,January,Jan,1,1,2020
20200103,2020-01-03,Friday,1,January,Jan,1,1,2020
20200104,2020-01-04,Saturday,1,January,Jan,1,1,2020
20200105,2020-01-05,Sunday,2,January,Jan,1,1,2020
20200106,2020-01-06,Monday,2,January,Jan,1,1,2020
20200107,2020-01-07,Tuesday,2,January,Jan,1,1,2020
20200108,2020-01-08,Wednesday,2,January,Jan,1,1,2020
20200109,2020-01-09,Thursday,2,January,Jan,1,1,2020
20200110,2020-01-10,Friday,2,January,Jan,1,1,2020
20200111,2020-01-11,Saturday,2,January,Jan,1,1,2020
20200112,2020-01-12,Sunday,3,January,Jan,1,1,2020
20200113,2020-01-13,Monday,3,January,Jan,1,1,2020
20200114,2020-01-14,Tuesday,3,January,Jan,1,1,2020
20200115,2020-01-15,Wednesday,3,January,Jan,1,1,2020
20200116,2020-01-16,Thursday,3,January,Jan,1,1,2020
20200117,2020-01-17,Friday,3,January,Jan,1,1,2020
20200118,2020-01-18,Saturday,3,January,Jan,1,1,2020
20200119,2020-01-19,Sunday,4,January,Jan,1,1,2020
20200120,2020-01-20,Monday,4,January,Jan,1,1,2020
20200121,2020-01-21,Tuesday,4,January,Jan,1,1,2020
20200122,2020-01-22,Wednesday,4,January,Jan,1,1,2020
20200123,2020-01-23,Thursday,4,January,Jan,1,1,2020
20200124,2020-01-24,Friday,4,January,Jan,1,1,2020
20200125,2020-01-25,Saturday,4,January,Jan,1,1,2020
20200126,2020-01-26,Sunday,5,January,Jan,1,1,2020
20200127,2020-01-27,Monday,5,January,Jan,1,1,2020
20200128,2020-01-28,Tuesday,5,January,Jan,1,1,2020
20200129,2020-01-29,Wednesday,5,January,Jan,1,1,2020
20200130,2020-01-30,Thursday,5,January,Jan,1,1,2020
20200131,2020-01-31,Friday,5,January,Jan,1,1,2020
20200201,2020-02-01,Saturday,5,February,Feb,2,1,2020
20200202,2020-02-02,Sunday,6,February,Feb,2,1,2020
20200203,2020-02-03,Monday,6,February,Feb,2,1,2020
20200204,2020-02-04,Tuesday,6,February,Feb,2,1,2020
20200205,2020-02-05,Wednesday,6,February,Feb,2,1,2020
20200206,2020-02-06,Thursday,6,February,Feb,2,1,2020
20200207,2020-02-07,Friday,6,February,Feb,2,1,2020
20200208,2020-02-08,Saturday,6,February,Feb,2,1,2020
20200209,2020-02-09,Sunday,7,February,Feb,2,1,2020
20200210,2020-02-10,Monday,7,February,Feb,2,1,2020
20200211,2020-02-11,Tuesday,7,February,Feb,2,1,2020
20200212,2020-02-12,Wednesday,7,February,Feb,2,1,2020
20200213,2020-02-13,Thursday,7,February,Feb,2,1,2020
20200214,2020-02-14,Friday,7,February,Feb,2,1,2020
20200215,2020-02-15,Saturday,7,February,Feb,2,1,2020
20200216,2020-02-16,Sunday,8,February,Feb,2,1,2020
20200217,2020-02-17,Monday,8,February,Feb,2,1,2020
20200218,2020-02-18,Tuesday,8,February,Feb,2,1,2020
20200219,2020-02-19,Wednesday,8,February,Feb,2,1,2020
20200220,2020-02-20,Thursday,8,February,Feb,2,1,2020
20200221,2020-02-21,Friday,8,February,Feb,2,1,2020
20200222,2020-02-22,Saturday,8,February,Feb,2,1,2020
20200223,2020-02-23,Sunday,9,February,Feb,2,1,2020
20200224,2020-02-24,Monday,9,February,Feb,2,1,2020
20200225,2020-02-25,Tuesday,9,February,Feb,2,1,2020
20200226,2020-02-26,Wednesday,9,February,Feb,2,1,2020
20200227,2020-02-27,Thursday,9,February,Feb,2,1,2020
20200228,2020-02-28,Friday,9,February,Feb,2,1,2020
20200229,2020-02-29,Saturday,9,February,Feb,2,1,2020
20200301,2020-03-01,Sunday,10,March,Mar,3,1,2020
20200302,2020-03-02,Monday,10,March,Mar,3,1,2020
20200303,2020-03-03,Tuesday,10,March,Mar,3,1,2020
20200304,2020-03-04,Wednesday,10,March,Mar,3,1,2020
20200305,2020-03-05,Thursday,10,March,Mar,3,1,2020
20200306,2020-03-06,Friday,10,March,Mar,3,1,2020
20200307,2020-03-07,Saturday,10,March,Mar,3,1,2020
20200308,2020-03-08,Sunday,11,March,Mar,3,1,2020
20200309,2020-03-09,Monday,11,March,Mar,3,1,2020
20200310,2020-03-10,Tuesday,11,March,Mar,3,1,2020
20200311,2020-03-11,Wednesday,11,March,Mar,3,1,2020
20200312,2020-03-12,Thursday,11,March,Mar,3,1,2020
20200313,2020-03-13,Friday,11,March,Mar,3,1,2020
20200314,2020-03-14,Saturday,11,March,Mar,3,1,2020
20200315,2020-03-15,Sunday,12,March,Mar,3,1,2020
20200316,2020-03-16,Monday,12,March,Mar,3,1,2020
20200317,2020-03-17,Tuesday,12,March,Mar,3,1,2020
20200318,2020-03-18,Wednesday,12,March,Mar,3,1,2020
20200319,2020-03-19,Thursday,12,March,Mar,3,1,2020
20200320,2020-03-20,Friday,12,March,Mar,3,1,2020
20200321,2020-03-21,Saturday,12,March,Mar,3,1,2020
20200322,2020-03-22,Sunday,13,March,Mar,3,1,2020
20200323,2020-03-23,Monday,13,March,Mar,3,1,2020
20200324,2020-03-24,Tuesday,13,March,Mar,3,1,2020
20200325,2020-03-25,Wednesday,13,March,Mar,3,1,2020
20200326,2020-03-26,Thursday,13,March,Mar,3,1,2020
20200327,2020-03-27,Friday,13,March,Mar,3,1,2020
20200328,2020-03-28,Saturday,13,March,Mar,3,1,2020
20200329,2020-03-29,Sunday,14,March,Mar,3,1,2020
20200330,2020-03-30,Monday,14,March,Mar,3,1,2020
20200331,2020-03-31,Tuesday,14,March,Mar,3,1,2020
20200401,2020-04-01,Wednesday,14,April,Apr,4,2,2020
20200402,2020-04-02,Thursday,14,April,Apr,4,2,2020
20200403,2020-04-03,Friday,14,April,Apr,4,2,2020
20200404,2020-04-04,Saturday,14,April,Apr,4,2,2020
20200405,2020-04-05,Sunday,15,April,Apr,4,2,2020
20200406,2020-04-06,Monday,15,April,Apr,4,2,2020
20200407,2020-04-07,Tuesday,15,April,Apr,4,2,2020
20200408,2020-04-08,Wednesday,15,April,Apr,4,2,2020
20200409,2020-04-09,Thursday,15,April,Apr,4,2,2020
20200410,2020-04-10,Friday,15,April,Apr,4,2,2020
20200411,2020-04-11,Saturday,15,April,Apr,4,2,2020
20200412,2020-04-12,Sunday,16,April,Apr,4,2,2020
20200413,2020-04-13,Monday,16,April,Apr,4,2,2020
20200414,2020-04-14,Tuesday,16,April,Apr,4,2,2020
20200415,2020-04-15,Wednesday,16,April,Apr,4,2,2020
20200416,2020-04-16,Thursday,16,April,Apr,4,2,2020
20200417,2020-04-17,Friday,16,April,Apr,4,2,2020
20200418,2020-04-18,Saturday,16,April,Apr,4,2,2020
20200419,2020-04-19,Sunday,17,April,Apr,4,2,2020
20200420,2020-04-20,Monday,17,April,Apr,4,2,2020
20200421,2020-04-21,Tuesday,17,April,Apr,4,2,2020
20200422,2020-04-22,Wednesday,17,April,Apr,4,2,2020
20200423,2020-04-23,Thursday,17,April,Apr,4,2,2020
20200424,2020-04-24,Friday,17,April,Apr,4,2,2020
20200425,2020-04-25,Saturday,17,April,Apr,4,2,2020
20200426,2020-04-26,Sunday,18,April,Apr,4,2,2020
20200427,2020-04-27,Monday,18,April,Apr,4,2,2020
20200428,2020-04-28,Tuesday,18,April,Apr,4,2,2020
20200429,2020-04-29,Wednesday,18,April,Apr,4,2,2020
20200430,2020-04-30,Thursday,18,April,Apr,4,2,2020
20200501,2020-05-01,Friday,18,May,May,5,2,2020
20200502,2020-05-02,Saturday,18,May,May,5,2,2020
20200503,2020-05-03,Sunday,19,May,May,5,2,2020
20200504,2020-05-04,Monday,19,May,May,5,2,2020
20200505,2020-05-05,Tuesday,19,May,May,5,2,2020
20200506,2020-05-06,Wednesday,19,May,May,5,2,2020
20200507,2020-05-07,Thursday,19,May,May,5,2,2020
20200508,2020-05-08,Friday,19,May,May,5,2,2020
20200509,2020-05-09,Saturday,19,May,May,5,2,2020
20200510,2020-05-10,Sunday,20,May,May,5,2,2020
20200511,2020-05-11,Monday,20,May,May,5,2,2020
20200512,2020-05-12,Tuesday,20,May,May,5,2,2020
20200513,2020-05-13,Wednesday,20,May,May,5,2,2020
20200514,2020-05-14,Thursday,20,May,May,5,2,2020
20200515,2020-05-15,Friday,20,May,May,5,2,2020
20200516,2020-05-16,Saturday,20,May,May,5,2,2020
20200517,2020-05-17,Sunday,21,May,May,5,2,2020
20200518,2020-05-18,Monday,21,May,May,5,2,2020
20200519,2020-05-19,Tuesday,21,May,May,5,2,2020
20200520,2020-05-20,Wednesday,21,May,May,5,2,2020
20200521,2020-05-21,Thursday,21,May,May,5,2,2020
20200522,2020-05-22,Friday,21,May,May,5,2,2020
20200523,2020-05-23,Saturday,21,May,May,5,2,2020
20200524,2020-05-24,Sunday,22,May,May,5,2,2020
20200525,2020-05-25,Monday,22,May,May,5,2,2020
20200526,2020-05-26,Tuesday,22,May,May,5,2,2020
20200527,2020-05-27,Wednesday,22,May,May,5,2,2020
20200528,2020-05-28,Thursday,22,May,May,5,2,2020
20200529,2020-05-29,Friday,22,May,May,5,2,2020
20200530,2020-05-30,Saturday,22,May,May,5,2,2020
20200531,2020-05-31,Sunday,23,May,May,5,2,2020
20200601,2020-06-01,Monday,23,June,Jun,6,2,2020
20200602,2020-06-02,Tuesday,23,June,Jun,6,2,2020
20200603,2020-06-03,Wednesday,23,June,Jun,6,2,2020
20200604,2020-06-04,Thursday,23,June,Jun,6,2,2020
20200605,2020-06-05,Friday,23,June,Jun,6,2,2020
20200606,2020-06-06,Saturday,23,June,Jun,6,2,2020
20200607,2020-06-07,Sunday,24,June,Jun,6,2,2020
20200608,2020-06-08,Monday,24,June,Jun,6,2,2020
20200609,2020-06-09,Tuesday,24,June,Jun,6,2,2020
20200610,2020-06-10,Wednesday,24,June,Jun,6,2,2020
20200611,2020-06-11,Thursday,24,June,Jun,6,2,2020
20200612,2020-06-12,Friday,24,June,Jun,6,2,2020
20200613,2020-06-13,Saturday,24,June,Jun,6,2,2020
20200614,2020-06-14,Sunday,25,June,Jun,6,2,2020
20200615,2020-06-15,Monday,25,June,Jun,6,2,2020
20200616,2020-06-16,Tuesday,25,June,Jun,6,2,2020
20200617,2020-06-17,Wednesday,25,June,Jun,6,2,2020
20200618,2020-06-18,Thursday,25,June,Jun,6,2,2020
20200619,2020-06-19,Friday,25,June,Jun,6,2,2020
20200620,2020-06-20,Saturday,25,June,Jun,6,2,2020
20200621,2020-06-21,Sunday,26,June,Jun,6,2,2020
20200622,2020-06-22,Monday,26,June,Jun,6,2,2020
20200623,2020-06-23,Tuesday,26,June,Jun,6,2,2020
20200624,2020-06-24,Wednesday,26,June,Jun,6,2,2020
20200625,2020-06-25,Thursday,26,June,Jun,6,2,2020
20200626,2020-06-26,Friday,26,June,Jun,6,2,2020
20200627,2020-06-27,Saturday,26,June,Jun,6,2,2020
20200628,2020-06-28,Sunday,27,June,Jun,6,2,2020
20200629,2020-06-29,Monday,27,June,Jun,6,2,2020
20200630,2020-06-30,Tuesday,27,June,Jun,6,2,2020
20200701,2020-07-01,Wednesday,27,July,Jul,7,3,2020
20200702,2020-07-02,Thursday,27,July,Jul,7,3,2020
20200703,2020-07-03,Friday,27,July,Jul,7,3,2020
20200704,2020-07-04,Saturday,27,July,Jul,7,3,2020
20200705,2020-07-05,Sunday,28,July,Jul,7,3,2020
20200706,2020-07-06,Monday,28,July,Jul,7,3,2020
20200707,2020-07-07,Tuesday,28,July,Jul,7,3,2020
20200708,2020-07-08,Wednesday,28,July,Jul,7,3,2020
20200709,2020-07-09,Thursday,28,July,Jul,7,3,2020
20200710,2020-07-10,Friday,28,July,Jul,7,3,2020
20200711,2020-07-11,Saturday,28,July,Jul,7,3,2020
20200712,2020-07-12,Sunday,29,July,Jul,7,3,2020
20200713,2020-07-13,Monday,29,July,Jul,7,3,2020
20200714,2020-07-14,Tuesday,29,July,Jul,7,3,2020
20200715,2020-07-15,Wednesday,29,July,Jul,7,3,2020
20200716,2020-07-16,Thursday,29,July,Jul,7,3,2020
20200717,2020-07-17,Friday,29,July,Jul,7,3,2020
20200718,2020-07-18,Saturday,29,July,Jul,7,3,2020
20200719,2020-07-19,Sunday,30,July,Jul,7,3,2020
20200720,2020-07-20,Monday,30,July,Jul,7,3,2020
20200721,2020-07-21,Tuesday,30,July,Jul,7,3,2020
20200722,2020-07-22,Wednesday,30,July,Jul,7,3,2020
20200723,2020-07-23,Thursday,30,July,Jul,7,3,2020
20200724,2020-07-24,Friday,30,July,Jul,7,3,2020
20200725,2020-07-25,Saturday,30,July,Jul,7,3,2020
20200726,2020-07-26,Sunday,31,July,Jul,7,3,2020
20200727,2020-07-27,Monday,31,July,Jul,7,3,2020
20200728,2020-07-28,Tuesday,31,July,Jul,7,3,2020
20200729,2020-07-29,Wednesday,31,July,Jul,7,3,2020
20200730,2020-07-30,Thursday,31,July,Jul,7,3,2020
20200731,2020-07-31,Friday,31,July,Jul,7,3,2020
20200801,2020-08-01,Saturday,31,August,Aug,8,3,2020
20200802,2020-08-02,Sunday,32,August,Aug,8,3,2020
20200803,2020-08-03,Monday,32,August,Aug,8,3,2020
20200804,2020-08-04,Tuesday,32,August,Aug,8,3,2020
20200805,2020-08-05,Wednesday,32,August,Aug,8,3,2020
20200806,2020-08-06,Thursday,32,August,Aug,8,3,2020
20200807,2020-08-07,Friday,32,August,Aug,8,3,2020
20200808,2020-08-08,Saturday,32,August,Aug,8,3,2020
20200809,2020-08-09,Sunday,33,August,Aug,8,3,2020
20200810,2020-08-10,Monday,33,August,Aug,8,3,2020
20200811,2020-08-11,Tuesday,33,August,Aug,8,3,2020
20200812,2020-08-12,Wednesday,33,August,Aug,8,3,2020
20200813,2020-08-13,Thursday,33,August,Aug,8,3,2020
20200814,2020-08-14,Friday,33,August,Aug,8,3,2020
20200815,2020-08-15,Saturday,33,August,Aug,8,3,2020
20200816,2020-08-16,Sunday,34,August,Aug,8,3,2020
20200817,2020-08-17,Monday,34,August,Aug,8,3,2020
20200818,2020-08-18,Tuesday,34,August,Aug,8,3,2020
20200819,2020-08-19,Wednesday,34,August,Aug,8,3,2020
20200820,2020-08-20,Thursday,34,August,Aug,8,3,2020
20200821,2020-08-21,Friday,34,August,Aug,8,3,2020
20200822,2020-08-22,Saturday,34,August,Aug,8,3,2020
20200823,2020-08-23,Sunday,35,August,Aug,8,3,2020
20200824,2020-08-24,Monday,35,August,Aug,8,3,2020
20200825,2020-08-25,Tuesday,35,August,Aug,8,3,2020
20200826,2020-08-26,Wednesday,35,August,Aug,8,3,2020
20200827,2020-08-27,Thursday,35,August,Aug,8,3,2020
20200828,2020-08-28,Friday,35,August,Aug,8,3,2020
20200829,2020-08-29,Saturday,35,August,Aug,8,3,2020
20200830,2020-08-30,Sunday,36,August,Aug,8,3,2020
20200831,2020-08-31,Monday,36,August,Aug,8,3,2020
20200901,2020-09-01,Tuesday,36,September,Sep,9,3,2020
20200902,2020-09-02,Wednesday,36,September,Sep,9,3,2020
20200903,2020-09-03,Thursday,36,September,Sep,9,3,2020
20200904,2020-09-04,Friday,36,September,Sep,9,3,2020
20200905,2020-09-05,Saturday,36,September,Sep,9,3,2020
20200906,2020-09-06,Sunday,37,September,Sep,9,3,2020
20200907,2020-09-07,Monday,37,September,Sep,9,3,2020
20200908,2020-09-08,Tuesday,37,September,Sep,9,3,2020
20200909,2020-09-09,Wednesday,37,September,Sep,9,3,2020
20200910,2020-09-10,Thursday,37,September,Sep,9,3,2020
20200911,2020-09-11,Friday,37,September,Sep,9,3,2020
20200912,2020-09-12,Saturday,37,September,Sep,9,3,2020
20200913,2020-09-13,Sunday,38,September,Sep,9,3,2020
20200914,2020-09-14,Monday,38,September,Sep,9,3,2020
20200915,2020-09-15,Tuesday,38,September,Sep,9,3,2020
20200916,2020-09-16,Wednesday,38,September,Sep,9,3,2020
20200917,2020-09-17,Thursday,38,September,Sep,9,3,2020
20200918,2020-09-18,Friday,38,September,Sep,9,3,2020
20200919,2020-09-19,Saturday,38,September,Sep,9,3,2020
20200920,2020-09-20,Sunday,39,September,Sep,9,3,2020
20200921,2020-09-21,Monday,39,September,Sep,9,3,2020
20200922,2020-09-22,Tuesday,39,September,Sep,9,3,2020
20200923,2020-09-23,Wednesday,39,September,Sep,9,3,2020
20200924,2020-09-24,Thursday,39,September,Sep,9,3,2020
20200925,2020-09-25,Friday,39,September,Sep,9,3,2020
20200926,2020-09-26,Saturday,39,September,Sep,9,3,2020
20200927,2020-09-27,Sunday,40,September,Sep,9,3,2020
20200928,2020-09-28,Monday,40,September,Sep,9,3,2020
20200929,2020-09-29,Tuesday,40,September,Sep,9,3,2020
20200930,2020-09-30,Wednesday,40,September,Sep,9,3,2020
20201001,2020-10-01,Thursday,40,October,Oct,10,4,2020
20201002,2020-10-02,Friday,40,October,Oct,10,4,2020
20201003,2020-10-03,Saturday,40,October,Oct,10,4,2020
20201004,2020-10-04,Sunday,41,October,Oct,10,4,2020
20201005,2020-10-05,Monday,41,October,Oct,10,4,2020
20201006,2020-10-06,Tuesday,41,October,Oct,10,4,2020
20201007,2020-10-07,Wednesday,41,October,Oct,10,4,2020
20201008,2020-10-08,Thursday,41,October,Oct,10,4,2020
20201009,2020-10-09,Friday,41,October,Oct,10,4,2020
20201010,2020-10-10,Saturday,41,October,Oct,10,4,2020
20201011,2020-10-11,Sunday,42,October,Oct,10,4,2020
20201012,2020-10-12,Monday,42,October,Oct,10,4,2020
20201013,2020-10-13,Tuesday,42,October,Oct,10,4,2020
20201014,2020-10-14,Wednesday,42,October,Oct,10,4,2020
20201015,2020-10-15,Thursday,42,October,Oct,10,4,2020
20201016,2020-10-16,Friday,42,October,Oct,10,4,2020
20201017,2020-10-17,Saturday,42,October,Oct,10,4,2020
20201018,2020-10-18,Sunday,43,October,Oct,10,4,2020
20201019,2020-10-19,Monday,43,October,Oct,10,4,2020
20201020,2020-10-20,Tuesday,43,October,Oct,10,4,2020
20201021,2020-10-21,Wednesday,43,October,Oct,10,4,2020
20201022,2020-10-22,Thursday,43,October,Oct,10,4,2020
20201023,2020-10-23,Friday,43,October,Oct,10,4,2020
20201024,2020-10-24,Saturday,43,October,Oct,10,4,2020
20201025,2020-10-25,Sunday,44,October,Oct,10,4,2020
20201026,2020-10-26,Monday,44,October,Oct,10,4,2020
20201027,2020-10-27,Tuesday,44,October,Oct,10,4,2020
20201028,2020-10-28,Wednesday,44,October,Oct,10,4,2020
20201029,2020-10-29,Thursday,44,October,Oct,10,4,2020
20201030,2020-10-30,Friday,44,October,Oct,10,4,2020
20201031,2020-10-31,Saturday,44,October,Oct,10,4,2020
20201101,2020-11-01,Sunday,45,November,Nov,11,4,2020
20201102,2020-11-02,Monday,45,November,Nov,11,4,2020
20201103,2020-11-03,Tuesday,45,November,Nov,11,4,2020
20201104,2020-11-04,Wednesday,45,November,Nov,11,4,2020
20201105,2020-11-05,Thursday,45,November,Nov,11,4,2020
20201106,2020-11-06,Friday,45,November,Nov,11,4,2020
20201107,2020-11-07,Saturday,45,November,Nov,11,4,2020
20201108,2020-11-08,Sunday,46,November,Nov,11,4,2020
20201109,2020-11-09,Monday,46,November,Nov,11,4,2020
20201110,2020-11-10,Tuesday,46,November,Nov,11,4,2020
20201111,2020-11-11,Wednesday,46,November,Nov,11,4,2020
20201112,2020-11-12,Thursday,46,November,Nov,11,4,2020
20201113,2020-11-13,Friday,46,November,Nov,11,4,2020
20201114,2020-11-14,Saturday,46,November,Nov,11,4,2020
20201115,2020-11-15,Sunday,47,November,Nov,11,4,2020
20201116,2020-11-16,Monday,47,November,Nov,11,4,2020
20201117,2020-11-17,Tuesday,47,November,Nov,11,4,2020
20201118,2020-11-18,Wednesday,47,November,Nov,11,4,2020
20201119,2020-11-19,Thursday,47,November,Nov,11,4,2020
20201120,2020-11-20,Friday,47,November,Nov,11,4,2020
20201121,2020-11-21,Saturday,47,November,Nov,11,4,2020
20201122,2020-11-22,Sunday,48,November,Nov,11,4,2020
20201123,2020-11-23,Monday,48,November,Nov,11,4,2020
20201124,2020-11-24,Tuesday,48,November,Nov,11,4,2020
20201125,2020-11-25,Wednesday,48,November,Nov,11,4,2020
20201126,2020-11-26,Thursday,48,November,Nov,11,4,2020
20201127,2020-11-27,Friday,48,November,Nov,11,4,2020
20201128,2020-11-28,Saturday,48,November,Nov,11,4,2020
20201129,2020-11-29,Sunday,49,November,Nov,11,4,2020
20201130,2020-11-30,Monday,49,November,Nov,11,4,2020
20201201,2020-12-01,Tuesday,49,December,Dec,12,4,2020
20201202,2020-12-02,Wednesday,49,December,Dec,12,4,2020
20201203,2020-12-03,Thursday,49,December,Dec,12,4,2020
20201204,2020-12-04,Friday,49,December,Dec,12,4,2020
20201205,2020-12-05,Saturday,49,December,Dec,12,4,2020
20201206,2020-12-06,Sunday,50,December,Dec,12,4,2020
20201207,2020-12-07,Monday,50,December,Dec,12,4,2020
20201208,2020-12-08,Tuesday,50,December,Dec,12,4,2020
20201209,2020-12-09,Wednesday,50,December,Dec,12,4,2020
20201210,2020-12-10,Thursday,50,December,Dec,12,4,2020
20201211,2020-12-11,Friday,50,December,Dec,12,4,2020
20201212,2020-12-12,Saturday,50,December,Dec,12,4,2020
20201213,2020-12-13,Sunday,51,December,Dec,12,4,2020
20201214,2020-12-14,Monday,51,December,Dec,12,4,2020
20201215,2020-12-15,Tuesday,51,December,Dec,12,4,2020
20201216,2020-12-16,Wednesday,51,December,Dec,12,4,2020
20201217,2020-12-17,Thursday,51,December,Dec,12,4,2020
20201218,2020-12-18,Friday,51,December,Dec,12,4,2020
20201219,2020-12-19,Saturday,51,December,Dec,12,4,2020
20201220,2020-12-20,Sunday,52,December,Dec,12,4,2020
20201221,2020-12-21,Monday,52,December,Dec,12,4,2020
20201222,2020-12-22,Tuesday,52,December,Dec,12,4,2020
20201223,2020-12-23,Wednesday,52,December,Dec,12,4,2020
20201224,2020-12-24,Thursday,52,December,Dec,12,4,2020
20201225,2020-12-25,Friday,52,December,Dec,12,4,2020
20201226,2020-12-26,Saturday,52,December,Dec,12,4,2020
20201227,2020-12-27,Sunday,53,December,Dec,12,4,2020
20201228,2020-12-28,Monday,53,December,Dec,12,4,2020
20201229,2020-12-29,Tuesday,53,December,Dec,12,4,2020
20201230,2020-12-30,Wednesday,53,December,Dec,12,4,2020
20201231,2020-12-31,Thursday,53,December,Dec,12,4,2020
20210101,2021-01-01,Friday,1,January,Jan,1,1,2021
20210102,2021-01-02,Saturday,1,January,Jan,1,1,2021
20210103,2021-01-03,Sunday,2,January,Jan,1,1,2021
20210104,2021-01-04,Monday,2,January,Jan,1,1,2021
20210105,2021-01-05,Tuesday,2,January,Jan,1,1,2021
20210106,2021-01-06,Wednesday,2,January,Jan,1,1,2021
20210107,2021-01-07,Thursday,2,January,Jan,1,1,2021
20210108,2021-01-08,Friday,2,January,Jan,1,1,2021
20210109,2021-01-09,Saturday,2,January,Jan,1,1,2021
20210110,2021-01-10,Sunday,3,January,Jan,1,1,2021
20210111,2021-01-11,Monday,3,January,Jan,1,1,2021
20210112,2021-01-12,Tuesday,3,January,Jan,1,1,2021
20210113,2021-01-13,Wednesday,3,January,Jan,1,1,2021
20210114,2021-01-14,Thursday,3,January,Jan,1,1,2021
20210115,2021-01-15,Friday,3,January,Jan,1,1,2021
20210116,2021-01-16,Saturday,3,January,Jan,1,1,2021
20210117,2021-01-17,Sunday,4,January,Jan,1,1,2021
20210118,2021-01-18,Monday,4,January,Jan,1,1,2021
20210119,2021-01-19,Tuesday,4,January,Jan,1,1,2021
20210120,2021-01-20,Wednesday,4,January,Jan,1,1,2021
20210121,2021-01-21,Thursday,4,January,Jan,1,1,2021
20210122,2021-01-22,Friday,4,January,Jan,1,1,2021
20210123,2021-01-23,Saturday,4,January,Jan,1,1,2021
20210124,2021-01-24,Sunday,5,January,Jan,1,1,2021
20210125,2021-01-25,Monday,5,January,Jan,1,1,2021
20210126,2021-01-26,Tuesday,5,January,Jan,1,1,2021
20210127,2021-01-27,Wednesday,5,January,Jan,1,1,2021
20210128,2021-01-28,Thursday,5,January,Jan,1,1,2021
20210129,2021-01-29,Friday,5,January,Jan,1,1,2021
20210130,2021-01-30,Saturday,5,January,Jan,1,1,2021
20210131,2021-01-31,Sunday,6,January,Jan,1,1,2021
20210201,2021-02-01,Monday,6,February,Feb,2,1,2021
20210202,2021-02-02,Tuesday,6,February,Feb,2,1,2021
20210203,2021-02-03,Wednesday,6,February,Feb,2,1,2021
20210204,2021-02-04,Thursday,6,February,Feb,2,1,2021
20210205,2021-02-05,Friday,6,February,Feb,2,1,2021
20210206,2021-02-06,Saturday,6,February,Feb,2,1,2021
20210207,2021-02-07,Sunday,7,February,Feb,2,1,2021
20210208,2021-02-08,Monday,7,February,Feb,2,1,2021
20210209,2021-02-09,Tuesday,7,February,Feb,2,1,2021
20210210,2021-02-10,Wednesday,7,February,Feb,2,1,2021
20210211,2021-02-11,Thursday,7,February,Feb,2,1,2021
20210212,2021-02-12,Friday,7,February,Feb,2,1,2021
20210213,2021-02-13,Saturday,7,February,Feb,2,1,2021
20210214,2021-02-14,Sunday,8,February,Feb,2,1,2021
20210215,2021-02-15,Monday,8,February,Feb,2,1,2021
20210216,2021-02-16,Tuesday,8,February,Feb,2,1,2021
20210217,2021-02-17,Wednesday,8,February,Feb,2,1,2021
20210218,2021-02-18,Thursday,8,February,Feb,2,1,2021
20210219,2021-02-19,Friday,8,February,Feb,2,1,2021
20210220,2021-02-20,Saturday,8,February,Feb,2,1,2021
20210221,2021-02-21,Sunday,9,February,Feb,2,1,2021
20210222,2021-02-22,Monday,9,February,Feb,2,1,2021
20210223,2021-02-23,Tuesday,9,February,Feb,2,1,2021
20210224,2021-02-24,Wednesday,9,February,Feb,2,1,2021
20210225,2021-02-25,Thursday,9,February,Feb,2,1,2021
20210226,2021-02-26,Friday,9,February,Feb,2,1,2021
20210227,2021-02-27,Saturday,9,February,Feb,2,1,2021
20210228,2021-02-28,Sunday,10,February,Feb,2,1,2021
20210301,2021-03-01,Monday,10,March,Mar,3,1,2021
20210302,2021-03-02,Tuesday,10,March,Mar,3,1,2021
20210303,2021-03-03,Wednesday,10,March,Mar,3,1,2021
20210304,2021-03-04,Thursday,10,March,Mar,3,1,2021
20210305,2021-03-05,Friday,10,March,Mar,3,1,2021
20210306,2021-03-06,Saturday,10,March,Mar,3,1,2021
20210307,2021-03-07,Sunday,11,March,Mar,3,1,2021
20210308,2021-03-08,Monday,11,March,Mar,3,1,2021
20210309,2021-03-09,Tuesday,11,March,Mar,3,1,2021
20210310,2021-03-10,Wednesday,11,March,Mar,3,1,2021
20210311,2021-03-11,Thursday,11,March,Mar,3,1,2021
20210312,2021-03-12,Friday,11,March,Mar,3,1,2021
20210313,2021-03-13,Saturday,11,March,Mar,3,1,2021
20210314,2021-03-14,Sunday,12,March,Mar,3,1,2021
20210315,2021-03-15,Monday,12,March,Mar,3,1,2021
20210316,2021-03-16,Tuesday,12,March,Mar,3,1,2021
20210317,2021-03-17,Wednesday,12,March,Mar,3,1,2021
20210318,2021-03-18,Thursday,12,March,Mar,3,1,2021
20210319,2021-03-19,Friday,12,March,Mar,3,1,2021
20210320,2021-03-20,Saturday,12,March,Mar,3,1,2021
20210321,2021-03-21,Sunday,13,March,Mar,3,1,2021
20210322,2021-03-22,Monday,13,March,Mar,3,1,2021
20210323,2021-03-23,Tuesday,13,March,Mar,3,1,2021
20210324,2021-03-24,Wednesday,13,March,Mar,3,1,2021
20210325,2021-03-25,Thursday,13,March,Mar,3,1,2021
20210326,2021-03-26,Friday,13,March,Mar,3,1,2021
20210327,2021-03-27,Saturday,13,March,Mar,3,1,2021
20210328,2021-03-28,Sunday,14,March,Mar,3,1,2021
20210329,2021-03-29,Monday,14,March,Mar,3,1,2021
20210330,2021-03-30,Tuesday,14,March,Mar,3,1,2021
20210331,2021-03-31,Wednesday,14,March,Mar,3,1,2021
20210401,2021-04-01,Thursday,14,April,Apr,4,2,2021
20210402,2021-04-02,Friday,14,April,Apr,4,2,2021
20210403,2021-04-03,Saturday,14,April,Apr,4,2,2021
20210404,2021-04-04,Sunday,15,April,Apr,4,2,2021
20210405,2021-04-05,Monday,15,April,Apr,4,2,2021
20210406,2021-04-06,Tuesday,15,April,Apr,4,2,2021
20210407,2021-04-07,Wednesday,15,April,Apr,4,2,2021
20210408,2021-04-08,Thursday,15,April,Apr,4,2,2021
20210409,2021-04-09,Friday,15,April,Apr,4,2,2021
20210410,2021-04-10,Saturday,15,April,Apr,4,2,2021
20210411,2021-04-11,Sunday,16,April,Apr,4,2,2021
20210412,2021-04-12,Monday,16,April,Apr,4,2,2021
20210413,2021-04-13,Tuesday,16,April,Apr,4,2,2021
20210414,2021-04-14,Wednesday,16,April,Apr,4,2,2021
20210415,2021-04-15,Thursday,16,April,Apr,4,2,2021
20210416,2021-04-16,Friday,16,April,Apr,4,2,2021
20210417,2021-04-17,Saturday,16,April,Apr,4,2,2021
20210418,2021-04-18,Sunday,17,April,Apr,4,2,2021
20210419,2021-04-19,Monday,17,April,Apr,4,2,2021
20210420,2021-04-20,Tuesday,17,April,Apr,4,2,2021
20210421,2021-04-21,Wednesday,17,April,Apr,4,2,2021
20210422,2021-04-22,Thursday,17,April,Apr,4,2,2021
20210423,2021-04-23,Friday,17,April,Apr,4,2,2021
20210424,2021-04-24,Saturday,17,April,Apr,4,2,2021
20210425,2021-04-25,Sunday,18,April,Apr,4,2,2021
20210426,2021-04-26,Monday,18,April,Apr,4,2,2021
20210427,2021-04-27,Tuesday,18,April,Apr,4,2,2021
20210428,2021-04-28,Wednesday,18,April,Apr,4,2,2021
20210429,2021-04-29,Thursday,18,April,Apr,4,2,2021
20210430,2021-04-30,Friday,18,April,Apr,4,2,2021
20210501,2021-05-01,Saturday,18,May,May,5,2,2021
20210502,2021-05-02,Sunday,19,May,May,5,2,2021
20210503,2021-05-03,Monday,19,May,May,5,2,2021
20210504,2021-05-04,Tuesday,19,May,May,5,2,2021
20210505,2021-05-05,Wednesday,19,May,May,5,2,2021
20210506,2021-05-06,Thursday,19,May,May,5,2,2021
20210507,2021-05-07,Friday,19,May,May,5,2,2021
20210508,2021-05-08,Saturday,19,May,May,5,2,2021
20210509,2021-05-09,Sunday,20,May,May,5,2,2021
20210510,2021-05-10,Monday,20,May,May,5,2,2021
20210511,2021-05-11,Tuesday,20,May,May,5,2,2021
20210512,2021-05-12,Wednesday,20,May,May,5,2,2021
20210513,2021-05-13,Thursday,20,May,May,5,2,2021
20210514,2021-05-14,Friday,20,May,May,5,2,2021
20210515,2021-05-15,Saturday,20,May,May,5,2,2021
20210516,2021-05-16,Sunday,21,May,May,5,2,2021
20210517,2021-05-17,Monday,21,May,May,5,2,2021
20210518,2021-05-18,Tuesday,21,May,May,5,2,2021
20210519,2021-05-19,Wednesday,21,May,May,5,2,2021
20210520,2021-05-20,Thursday,21,May,May,5,2,2021
20210521,2021-05-21,Friday,21,May,May,5,2,2021
20210522,2021-05-22,Saturday,21,May,May,5,2,2021
20210523,2021-05-23,Sunday,22,May,May,5,2,2021
20210524,2021-05-24,Monday,22,May,May,5,2,2021
20210525,2021-05-25,Tuesday,22,May,May,5,2,2021
20210526,2021-05-26,Wednesday,22,May,May,5,2,2021
20210527,2021-05-27,Thursday,22,May,May,5,2,2021
20210528,2021-05-28,Friday,22,May,May,5,2,2021
20210529,2021-05-29,Saturday,22,May,May,5,2,2021
20210530,2021-05-30,Sunday,23,May,May,5,2,2021
20210531,2021-05-31,Monday,23,May,May,5,2,2021
20210601,2021-06-01,Tuesday,23,June,Jun,6,2,2021
20210602,2021-06-02,Wednesday,23,June,Jun,6,2,2021
20210603,2021-06-03,Thursday,23,June,Jun,6,2,2021
20210604,2021-06-04,Friday,23,June,Jun,6,2,2021
20210605,2021-06-05,Saturday,23,June,Jun,6,2,2021
20210606,2021-06-06,Sunday,24,June,Jun,6,2,2021
20210607,2021-06-07,Monday,24,June,Jun,6,2,2021
20210608,2021-06-08,Tuesday,24,June,Jun,6,2,2021
20210609,2021-06-09,Wednesday,24,June,Jun,6,2,2021
20210610,2021-06-10,Thursday,24,June,Jun,6,2,2021
20210611,2021-06-11,Friday,24,June,Jun,6,2,2021
20210612,2021-06-12,Saturday,24,June,Jun,6,2,2021
20210613,2021-06-13,Sunday,25,June,Jun,6,2,2021
20210614,2021-06-14,Monday,25,June,Jun,6,2,2021
20210615,2021-06-15,Tuesday,25,June,Jun,6,2,2021
20210616,2021-06-16,Wednesday,25,June,Jun,6,2,2021
20210617,2021-06-17,Thursday,25,June,Jun,6,2,2021
20210618,2021-06-18,Friday,25,June,Jun,6,2,2021
20210619,2021-06-19,Saturday,25,June,Jun,6,2,2021
20210620,2021-06-20,Sunday,26,June,Jun,6,2,2021
20210621,2021-06-21,Monday,26,June,Jun,6,2,2021
20210622,2021-06-22,Tuesday,26,June,Jun,6,2,2021
20210623,2021-06-23,Wednesday,26,June,Jun,6,2,2021
20210624,2021-06-24,Thursday,26,June,Jun,6,2,2021
20210625,2021-06-25,Friday,26,June,Jun,6,2,2021
20210626,2021-06-26,Saturday,26,June,Jun,6,2,2021
20210627,2021-06-27,Sunday,27,June,Jun,6,2,2021
20210628,2021-06-28,Monday,27,June,Jun,6,2,2021
20210629,2021-06-29,Tuesday,27,June,Jun,6,2,2021
20210630,2021-06-30,Wednesday,27,June,Jun,6,2,2021
20210701,2021-07-01,Thursday,27,July,Jul,7,3,2021
20210702,2021-07-02,Friday,27,July,Jul,7,3,2021
20210703,2021-07-03,Saturday,27,July,Jul,7,3,2021
20210704,2021-07-04,Sunday,28,July,Jul,7,3,2021
20210705,2021-07-05,Monday,28,July,Jul,7,3,2021
20210706,2021-07-06,Tuesday,28,July,Jul,7,3,2021
20210707,2021-07-07,Wednesday,28,July,Jul,7,3,2021
20210708,2021-07-08,Thursday,28,July,Jul,7,3,2021
20210709,2021-07-09,Friday,28,July,Jul,7,3,2021
20210710,2021-07-10,Saturday,28,July,Jul,7,3,2021
20210711,2021-07-11,Sunday,29,July,Jul,7,3,2021
20210712,2021-07-12,Monday,29,July,Jul,7,3,2021
20210713,2021-07-13,Tuesday,29,July,Jul,7,3,2021
20210714,2021-07-14,Wednesday,29,July,Jul,7,3,2021
20210715,2021-07-15,Thursday,29,July,Jul,7,3,2021
20210716,2021-07-16,Friday,29,July,Jul,7,3,2021
20210717,2021-07-17,Saturday,29,July,Jul,7,3,2021
20210718,2021-07-18,Sunday,30,July,Jul,7,3,2021
20210719,2021-07-19,Monday,30,July,Jul,7,3,2021
20210720,2021-07-20,Tuesday,30,July,Jul,7,3,2021
20210721,2021-07-21,Wednesday,30,July,Jul,7,3,2021
20210722,2021-07-22,Thursday,30,July,Jul,7,3,2021
20210723,2021-07-23,Friday,30,July,Jul,7,3,2021
20210724,2021-07-24,Saturday,30,July,Jul,7,3,2021
20210725,2021-07-25,Sunday,31,July,Jul,7,3,2021
20210726,2021-07-26,Monday,31,July,Jul,7,3,2021
20210727,2021-07-27,Tuesday,31,July,Jul,7,3,2021
20210728,2021-07-28,Wednesday,31,July,Jul,7,3,2021
20210729,2021-07-29,Thursday,31,July,Jul,7,3,2021
20210730,2021-07-30,Friday,31,July,Jul,7,3,2021
20210731,2021-07-31,Saturday,31,July,Jul,7,3,2021
20210801,2021-08-01,Sunday,32,August,Aug,8,3,2021
20210802,2021-08-02,Monday,32,August,Aug,8,3,2021
20210803,2021-08-03,Tuesday,32,August,Aug,8,3,2021
20210804,2021-08-04,Wednesday,32,August,Aug,8,3,2021
20210805,2021-08-05,Thursday,32,August,Aug,8,3,2021
20210806,2021-08-06,Friday,32,August,Aug,8,3,2021
20210807,2021-08-07,Saturday,32,August,Aug,8,3,2021
20210808,2021-08-08,Sunday,33,August,Aug,8,3,2021
20210809,2021-08-09,Monday,33,August,Aug,8,3,2021
20210810,2021-08-10,Tuesday,33,August,Aug,8,3,2021
20210811,2021-08-11,Wednesday,33,August,Aug,8,3,2021
20210812,2021-08-12,Thursday,33,August,Aug,8,3,2021
20210813,2021-08-13,Friday,33,August,Aug,8,3,2021
20210814,2021-08-14,Saturday,33,August,Aug,8,3,2021
20210815,2021-08-15,Sunday,34,August,Aug,8,3,2021
20210816,2021-08-16,Monday,34,August,Aug,8,3,2021
20210817,2021-08-17,Tuesday,34,August,Aug,8,3,2021
20210818,2021-08-18,Wednesday,34,August,Aug,8,3,2021
20210819,2021-08-19,Thursday,34,August,Aug,8,3,2021
20210820,2021-08-20,Friday,34,August,Aug,8,3,2021
20210821,2021-08-21,Saturday,34,August,Aug,8,3,2021
20210822,2021-08-22,Sunday,35,August,Aug,8,3,2021
20210823,2021-08-23,Monday,35,August,Aug,8,3,2021
20210824,2021-08-24,Tuesday,35,August,Aug,8,3,2021
20210825,2021-08-25,Wednesday,35,August,Aug,8,3,2021
20210826,2021-08-26,Thursday,35,August,Aug,8,3,2021
20210827,2021-08-27,Friday,35,August,Aug,8,3,2021
20210828,2021-08-28,Saturday,35,August,Aug,8,3,2021
20210829,2021-08-29,Sunday,36,August,Aug,8,3,2021
20210830,2021-08-30,Monday,36,August,Aug,8,3,2021
20210831,2021-08-31,Tuesday,36,August,Aug,8,3,2021
20210901,2021-09-01,Wednesday,36,September,Sep,9,3,2021
20210902,2021-09-02,Thursday,36,September,Sep,9,3,2021
20210903,2021-09-03,Friday,36,September,Sep,9,3,2021
20210904,2021-09-04,Saturday,36,September,Sep,9,3,2021
20210905,2021-09-05,Sunday,37,September,Sep,9,3,2021
20210906,2021-09-06,Monday,37,September,Sep,9,3,2021
20210907,2021-09-07,Tuesday,37,September,Sep,9,3,2021
20210908,2021-09-08,Wednesday,37,September,Sep,9,3,2021
20210909,2021-09-09,Thursday,37,September,Sep,9,3,2021
20210910,2021-09-10,Friday,37,September,Sep,9,3,2021
20210911,2021-09-11,Saturday,37,September,Sep,9,3,2021
20210912,2021-09-12,Sunday,38,September,Sep,9,3,2021
20210913,2021-09-13,Monday,38,September,Sep,9,3,2021
20210914,2021-09-14,Tuesday,38,September,Sep,9,3,2021
20210915,2021-09-15,Wednesday,38,September,Sep,9,3,2021
20210916,2021-09-16,Thursday,38,September,Sep,9,3,2021
20210917,2021-09-17,Friday,38,September,Sep,9,3,2021
20210918,2021-09-18,Saturday,38,September,Sep,9,3,2021
20210919,2021-09-19,Sunday,39,September,Sep,9,3,2021
20210920,2021-09-20,Monday,39,September,Sep,9,3,2021
20210921,2021-09-21,Tuesday,39,September,Sep,9,3,2021
20210922,2021-09-22,Wednesday,39,September,Sep,9,3,2021
20210923,2021-09-23,Thursday,39,September,Sep,9,3,2021
20210924,2021-09-24,Friday,39,September,Sep,9,3,2021
20210925,2021-09-25,Saturday,39,September,Sep,9,3,2021
20210926,2021-09-26,Sunday,40,September,Sep,9,3,2021
20210927,2021-09-27,Monday,40,September,Sep,9,3,2021
20210928,2021-09-28,Tuesday,40,September,Sep,9,3,2021
20210929,2021-09-29,Wednesday,40,September,Sep,9,3,2021
20210930,2021-09-30,Thursday,40,September,Sep,9,3,2021
20211001,2021-10-01,Friday,40,October,Oct,10,4,2021
20211002,2021-10-02,Saturday,40,October,Oct,10,4,2021
20211003,2021-10-03,Sunday,41,October,Oct,10,4,2021
20211004,2021-10-04,Monday,41,October,Oct,10,4,2021
20211005,2021-10-05,Tuesday,41,October,Oct,10,4,2021
20211006,2021-10-06,Wednesday,41,October,Oct,10,4,2021
20211007,2021-10-07,Thursday,41,October,Oct,10,4,2021
20211008,2021-10-08,Friday,41,October,Oct,10,4,2021
20211009,2021-10-09,Saturday,41,October,Oct,10,4,2021
20211010,2021-10-10,Sunday,42,October,Oct,10,4,2021
20211011,2021-10-11,Monday,42,October,Oct,10,4,2021
20211012,2021-10-12,Tuesday,42,October,Oct,10,4,2021
20211013,2021-10-13,Wednesday,42,October,Oct,10,4,2021
20211014,2021-10-14,Thursday,42,October,Oct,10,4,2021
20211015,2021-10-15,Friday,42,October,Oct,10,4,2021
20211016,2021-10-16,Saturday,42,October,Oct,10,4,2021
20211017,2021-10-17,Sunday,43,October,Oct,10,4,2021
20211018,2021-10-18,Monday,43,October,Oct,10,4,2021
20211019,2021-10-19,Tuesday,43,October,Oct,10,4,2021
20211020,2021-10-20,Wednesday,43,October,Oct,10,4,2021
20211021,2021-10-21,Thursday,43,October,Oct,10,4,2021
20211022,2021-10-22,Friday,43,October,Oct,10,4,2021
20211023,2021-10-23,Saturday,43,October,Oct,10,4,2021
20211024,2021-10-24,Sunday,44,October,Oct,10,4,2021
20211025,2021-10-25,Monday,44,October,Oct,10,4,2021
20211026,2021-10-26,Tuesday,44,October,Oct,10,4,2021
20211027,2021-10-27,Wednesday,44,October,Oct,10,4,2021
20211028,2021-10-28,Thursday,44,October,Oct,10,4,2021
20211029,2021-10-29,Friday,44,October,Oct,10,4,2021
20211030,2021-10-30,Saturday,44,October,Oct,10,4,2021
20211031,2021-10-31,Sunday,45,October,Oct,10,4,2021
20211101,2021-11-01,Monday,45,November,Nov,11,4,2021
20211102,2021-11-02,Tuesday,45,November,Nov,11,4,2021
20211103,2021-11-03,Wednesday,45,November,Nov,11,4,2021
20211104,2021-11-04,Thursday,45,November,Nov,11,4,2021
20211105,2021-11-05,Friday,45,November,Nov,11,4,2021
20211106,2021-11-06,Saturday,45,November,Nov,11,4,2021
20211107,2021-11-07,Sunday,46,November,Nov,11,4,2021
20211108,2021-11-08,Monday,46,November,Nov,11,4,2021
20211109,2021-11-09,Tuesday,46,November,Nov,11,4,2021
20211110,2021-11-10,Wednesday,46,November,Nov,11,4,2021
20211111,2021-11-11,Thursday,46,November,Nov,11,4,2021
20211112,2021-11-12,Friday,46,November,Nov,11,4,2021
20211113,2021-11-13,Saturday,46,November,Nov,11,4,2021
20211114,2021-11-14,Sunday,47,November,Nov,11,4,2021
20211115,2021-11-15,Monday,47,November,Nov,11,4,2021
20211116,2021-11-16,Tuesday,47,November,Nov,11,4,2021
20211117,2021-11-17,Wednesday,47,November,Nov,11,4,2021
20211118,2021-11-18,Thursday,47,November,Nov,11,4,2021
20211119,2021-11-19,Friday,47,November,Nov,11,4,2021
20211120,2021-11-20,Saturday,47,November,Nov,11,4,2021
20211121,2021-11-21,Sunday,48,November,Nov,11,4,2021
20211122,2021-11-22,Monday,48,November,Nov,11,4,2021
20211123,2021-11-23,Tuesday,48,November,Nov,11,4,2021
20211124,2021-11-24,Wednesday,48,November,Nov,11,4,2021
20211125,2021-11-25,Thursday,48,November,Nov,11,4,2021
20211126,2021-11-26,Friday,48,November,Nov,11,4,2021
20211127,2021-11-27,Saturday,48,November,Nov,11,4,2021
20211128,2021-11-28,Sunday,49,November,Nov,11,4,2021
20211129,2021-11-29,Monday,49,November,Nov,11,4,2021
20211130,2021-11-30,Tuesday,49,November,Nov,11,4,2021
20211201,2021-12-01,Wednesday,49,December,Dec,12,4,2021
20211202,2021-12-02,Thursday,49,December,Dec,12,4,2021
20211203,2021-12-03,Friday,49,December,Dec,12,4,2021
20211204,2021-12-04,Saturday,49,December,Dec,12,4,2021
20211205,2021-12-05,Sunday,50,December,Dec,12,4,2021
20211206,2021-12-06,Monday,50,December,Dec,12,4,2021
20211207,2021-12-07,Tuesday,50,December,Dec,12,4,2021
20211208,2021-12-08,Wednesday,50,December,Dec,12,4,2021
20211209,2021-12-09,Thursday,50,December,Dec,12,4,2021
20211210,2021-12-10,Friday,50,December,Dec,12,4,2021
20211211,2021-12-11,Saturday,50,December,Dec,12,4,2021
20211212,2021-12-12,Sunday,51,December,Dec,12,4,2021
20211213,2021-12-13,Monday,51,December,Dec,12,4,2021
20211214,2021-12-14,Tuesday,51,December,Dec,12,4,2021
20211215,2021-12-15,Wednesday,51,December,Dec,12,4,2021
20211216,2021-12-16,Thursday,51,December,Dec,12,4,2021
20211217,2021-12-17,Friday,51,December,Dec,12,4,2021
20211218,2021-12-18,Saturday,51,December,Dec,12,4,2021
20211219,2021-12-19,Sunday,52,December,Dec,12,4,2021
20211220,2021-12-20,Monday,52,December,Dec,12,4,2021
20211221,2021-12-21,Tuesday,52,December,Dec,12,4,2021
20211222,2021-12-22,Wednesday,52,December,Dec,12,4,2021
20211223,2021-12-23,Thursday,52,December,Dec,12,4,2021
20211224,2021-12-24,Friday,52,December,Dec,12,4,2021
20211225,2021-12-25,Saturday,52,December,Dec,12,4,2021
20211226,2021-12-26,Sunday,53,December,Dec,12,4,2021
20211227,2021-12-27,Monday,53,December,Dec,12,4,2021
20211228,2021-12-28,Tuesday,53,December,Dec,12,4,2021
20211229,2021-12-29,Wednesday,53,December,Dec,12,4,2021
20211230,2021-12-30,Thursday,53,December,Dec,12,4,2021
20211231,2021-12-31,Friday,53,December,Dec,12,4,2021
20220101,2022-01-01,Saturday,1,January,Jan,1,1,2022
20220102,2022-01-02,Sunday,2,January,Jan,1,1,2022
20220103,2022-01-03,Monday,2,January,Jan,1,1,2022
20220104,2022-01-04,Tuesday,2,January,Jan,1,1,2022
20220105,2022-01-05,Wednesday,2,January,Jan,1,1,2022
20220106,2022-01-06,Thursday,2,January,Jan,1,1,2022
20220107,2022-01-07,Friday,2,January,Jan,1,1,2022
20220108,2022-01-08,Saturday,2,January,Jan,1,1,2022
20220109,2022-01-09,Sunday,3,January,Jan,1,1,2022
20220110,2022-01-10,Monday,3,January,Jan,1,1,2022
20220111,2022-01-11,Tuesday,3,January,Jan,1,1,2022
20220112,2022-01-12,Wednesday,3,January,Jan,1,1,2022
20220113,2022-01-13,Thursday,3,January,Jan,1,1,2022
20220114,2022-01-14,Friday,3,January,Jan,1,1,2022
20220115,2022-01-15,Saturday,3,January,Jan,1,1,2022
20220116,2022-01-16,Sunday,4,January,Jan,1,1,2022
20220117,2022-01-17,Monday,4,January,Jan,1,1,2022
20220118,2022-01-18,Tuesday,4,January,Jan,1,1,2022
20220119,2022-01-19,Wednesday,4,January,Jan,1,1,2022
20220120,2022-01-20,Thursday,4,January,Jan,1,1,2022
20220121,2022-01-21,Friday,4,January,Jan,1,1,2022
20220122,2022-01-22,Saturday,4,January,Jan,1,1,2022
20220123,2022-01-23,Sunday,5,January,Jan,1,1,2022
20220124,2022-01-24,Monday,5,January,Jan,1,1,2022
20220125,2022-01-25,Tuesday,5,January,Jan,1,1,2022
20220126,2022-01-26,Wednesday,5,January,Jan,1,1,2022
20220127,2022-01-27,Thursday,5,January,Jan,1,1,2022
20220128,2022-01-28,Friday,5,January,Jan,1,1,2022
20220129,2022-01-29,Saturday,5,January,Jan,1,1,2022
20220130,2022-01-30,Sunday,6,January,Jan,1,1,2022
20220131,2022-01-31,Monday,6,January,Jan,1,1,2022
20220201,2022-02-01,Tuesday,6,February,Feb,2,1,2022
20220202,2022-02-02,Wednesday,6,February,Feb,2,1,2022
20220203,2022-02-03,Thursday,6,February,Feb,2,1,2022
20220204,2022-02-04,Friday,6,February,Feb,2,1,2022
20220205,2022-02-05,Saturday,6,February,Feb,2,1,2022
20220206,2022-02-06,Sunday,7,February,Feb,2,1,2022
20220207,2022-02-07,Monday,7,February,Feb,2,1,2022
20220208,2022-02-08,Tuesday,7,February,Feb,2,1,2022
20220209,2022-02-09,Wednesday,7,February,Feb,2,1,2022
20220210,2022-02-10,Thursday,7,February,Feb,2,1,2022
20220211,2022-02-11,Friday,7,February,Feb,2,1,2022
20220212,2022-02-12,Saturday,7,February,Feb,2,1,2022
20220213,2022-02-13,Sunday,8,February,Feb,2,1,2022
20220214,2022-02-14,Monday,8,February,Feb,2,1,2022
20220215,2022-02-15,Tuesday,8,February,Feb,2,1,2022
20220216,2022-02-16,Wednesday,8,February,Feb,2,1,2022
20220217,2022-02-17,Thursday,8,February,Feb,2,1,2022
20220218,2022-02-18,Friday,8,February,Feb,2,1,2022
20220219,2022-02-19,Saturday,8,February,Feb,2,1,2022
20220220,2022-02-20,Sunday,9,February,Feb,2,1,2022
20220221,2022-02-21,Monday,9,February,Feb,2,1,2022
20220222,2022-02-22,Tuesday,9,February,Feb,2,1,2022
20220223,2022-02-23,Wednesday,9,February,Feb,2,1,2022
20220224,2022-02-24,Thursday,9,February,Feb,2,1,2022
20220225,2022-02-25,Friday,9,February,Feb,2,1,2022
20220226,2022-02-26,Saturday,9,February,Feb,2,1,2022
20220227,2022-02-27,Sunday,10,February,Feb,2,1,2022
20220228,2022-02-28,Monday,10,February,Feb,2,1,2022
20220301,2022-03-01,Tuesday,10,March,Mar,3,1,2022
20220302,2022-03-02,Wednesday,10,March,Mar,3,1,2022
20220303,2022-03-03,Thursday,10,March,Mar,3,1,2022
20220304,2022-03-04,Friday,10,March,Mar,3,1,2022
20220305,2022-03-05,Saturday,10,March,Mar,3,1,2022
20220306,2022-03-06,Sunday,11,March,Mar,3,1,2022
20220307,2022-03-07,Monday,11,March,Mar,3,1,2022
20220308,2022-03-08,Tuesday,11,March,Mar,3,1,2022
20220309,2022-03-09,Wednesday,11,March,Mar,3,1,2022
20220310,2022-03-10,Thursday,11,March,Mar,3,1,2022
20220311,2022-03-11,Friday,11,March,Mar,3,1,2022
20220312,2022-03-12,Saturday,11,March,Mar,3,1,2022
20220313,2022-03-13,Sunday,12,March,Mar,3,1,2022
20220314,2022-03-14,Monday,12,March,Mar,3,1,2022
20220315,2022-03-15,Tuesday,12,March,Mar,3,1,2022
20220316,2022-03-16,Wednesday,12,March,Mar,3,1,2022
20220317,2022-03-17,Thursday,12,March,Mar,3,1,2022
20220318,2022-03-18,Friday,12,March,Mar,3,1,2022
20220319,2022-03-19,Saturday,12,March,Mar,3,1,2022
20220320,2022-03-20,Sunday,13,March,Mar,3,1,2022
20220321,2022-03-21,Monday,13,March,Mar,3,1,2022
20220322,2022-03-22,Tuesday,13,March,Mar,3,1,2022
20220323,2022-03-23,Wednesday,13,March,Mar,3,1,2022
20220324,2022-03-24,Thursday,13,March,Mar,3,1,2022
20220325,2022-03-25,Friday,13,March,Mar,3,1,2022
20220326,2022-03-26,Saturday,13,March,Mar,3,1,2022
20220327,2022-03-27,Sunday,14,March,Mar,3,1,2022
20220328,2022-03-28,Monday,14,March,Mar,3,1,2022
20220329,2022-03-29,Tuesday,14,March,Mar,3,1,2022
20220330,2022-03-30,Wednesday,14,March,Mar,3,1,2022
20220331,2022-03-31,Thursday,14,March,Mar,3,1,2022
20220401,2022-04-01,Friday,14,April,Apr,4,2,2022
20220402,2022-04-02,Saturday,14,April,Apr,4,2,2022
20220403,2022-04-03,Sunday,15,April,Apr,4,2,2022
20220404,2022-04-04,Monday,15,April,Apr,4,2,2022
20220405,2022-04-05,Tuesday,15,April,Apr,4,2,2022
20220406,2022-04-06,Wednesday,15,April,Apr,4,2,2022
20220407,2022-04-07,Thursday,15,April,Apr,4,2,2022
20220408,2022-04-08,Friday,15,April,Apr,4,2,2022
20220409,2022-04-09,Saturday,15,April,Apr,4,2,2022
20220410,2022-04-10,Sunday,16,April,Apr,4,2,2022
20220411,2022-04-11,Monday,16,April,Apr,4,2,2022
20220412,2022-04-12,Tuesday,16,April,Apr,4,2,2022
20220413,2022-04-13,Wednesday,16,April,Apr,4,2,2022
20220414,2022-04-14,Thursday,16,April,Apr,4,2,2022
20220415,2022-04-15,Friday,16,April,Apr,4,2,2022
20220416,2022-04-16,Saturday,16,April,Apr,4,2,2022
20220417,2022-04-17,Sunday,17,April,Apr,4,2,2022
20220418,2022-04-18,Monday,17,April,Apr,4,2,2022
20220419,2022-04-19,Tuesday,17,April,Apr,4,2,2022
20220420,2022-04-20,Wednesday,17,April,Apr,4,2,2022
20220421,2022-04-21,Thursday,17,April,Apr,4,2,2022
20220422,2022-04-22,Friday,17,April,Apr,4,2,2022
20220423,2022-04-23,Saturday,17,April,Apr,4,2,2022
20220424,2022-04-24,Sunday,18,April,Apr,4,2,2022
20220425,2022-04-25,Monday,18,April,Apr,4,2,2022
20220426,2022-04-26,Tuesday,18,April,Apr,4,2,2022
20220427,2022-04-27,Wednesday,18,April,Apr,4,2,2022
20220428,2022-04-28,Thursday,18,April,Apr,4,2,2022
20220429,2022-04-29,Friday,18,April,Apr,4,2,2022
20220430,2022-04-30,Saturday,18,April,Apr,4,2,2022
20220501,2022-05-01,Sunday,19,May,May,5,2,2022
20220502,2022-05-02,Monday,19,May,May,5,2,2022
20220503,2022-05-03,Tuesday,19,May,May,5,2,2022
20220504,2022-05-04,Wednesday,19,May,May,5,2,2022
20220505,2022-05-05,Thursday,19,May,May,5,2,2022
20220506,2022-05-06,Friday,19,May,May,5,2,2022
20220507,2022-05-07,Saturday,19,May,May,5,2,2022
20220508,2022-05-08,Sunday,20,May,May,5,2,2022
20220509,2022-05-09,Monday,20,May,May,5,2,2022
20220510,2022-05-10,Tuesday,20,May,May,5,2,2022
20220511,2022-05-11,Wednesday,20,May,May,5,2,2022
20220512,2022-05-12,Thursday,20,May,May,5,2,2022
20220513,2022-05-13,Friday,20,May,May,5,2,2022
20220514,2022-05-14,Saturday,20,May,May,5,2,2022
20220515,2022-05-15,Sunday,21,May,May,5,2,2022
20220516,2022-05-16,Monday,21,May,May,5,2,2022
20220517,2022-05-17,Tuesday,21,May,May,5,2,2022
20220518,2022-05-18,Wednesday,21,May,May,5,2,2022
20220519,2022-05-19,Thursday,21,May,May,5,2,2022
20220520,2022-05-20,Friday,21,May,May,5,2,2022
20220521,2022-05-21,Saturday,21,May,May,5,2,2022
20220522,2022-05-22,Sunday,22,May,May,5,2,2022
20220523,2022-05-23,Monday,22,May,May,5,2,2022
20220524,2022-05-24,Tuesday,22,May,May,5,2,2022
20220525,2022-05-25,Wednesday,22,May,May,5,2,2022
20220526,2022-05-26,Thursday,22,May,May,5,2,2022
20220527,2022-05-27,Friday,22,May,May,5,2,2022
20220528,2022-05-28,Saturday,22,May,May,5,2,2022
20220529,2022-05-29,Sunday,23,May,May,5,2,2022
20220530,2022-05-30,Monday,23,May,May,5,2,2022
20220531,2022-05-31,Tuesday,23,May,May,5,2,2022
20220601,2022-06-01,Wednesday,23,June,Jun,6,2,2022
20220602,2022-06-02,Thursday,23,June,Jun,6,2,2022
20220603,2022-06-03,Friday,23,June,Jun,6,2,2022
20220604,2022-06-04,Saturday,23,June,Jun,6,2,2022
20220605,2022-06-05,Sunday,24,June,Jun,6,2,2022
20220606,2022-06-06,Monday,24,June,Jun,6,2,2022
20220607,2022-06-07,Tuesday,24,June,Jun,6,2,2022
20220608,2022-06-08,Wednesday,24,June,Jun,6,2,2022
20220609,2022-06-09,Thursday,24,June,Jun,6,2,2022
20220610,2022-06-10,Friday,24,June,Jun,6,2,2022
20220611,2022-06-11,Saturday,24,June,Jun,6,2,2022
20220612,2022-06-12,Sunday,25,June,Jun,6,2,2022
20220613,2022-06-13,Monday,25,June,Jun,6,2,2022
20220614,2022-06-14,Tuesday,25,June,Jun,6,2,2022
20220615,2022-06-15,Wednesday,25,June,Jun,6,2,2022
20220616,2022-06-16,Thursday,25,June,Jun,6,2,2022
20220617,2022-06-17,Friday,25,June,Jun,6,2,2022
20220618,2022-06-18,Saturday,25,June,Jun,6,2,2022
20220619,2022-06-19,Sunday,26,June,Jun,6,2,2022
20220620,2022-06-20,Monday,26,June,Jun,6,2,2022
20220621,2022-06-21,Tuesday,26,June,Jun,6,2,2022
20220622,2022-06-22,Wednesday,26,June,Jun,6,2,2022
20220623,2022-06-23,Thursday,26,June,Jun,6,2,2022
20220624,2022-06-24,Friday,26,June,Jun,6,2,2022
20220625,2022-06-25,Saturday,26,June,Jun,6,2,2022
20220626,2022-06-26,Sunday,27,June,Jun,6,2,2022
20220627,2022-06-27,Monday,27,June,Jun,6,2,2022
20220628,2022-06-28,Tuesday,27,June,Jun,6,2,2022
20220629,2022-06-29,Wednesday,27,June,Jun,6,2,2022
20220630,2022-06-30,Thursday,27,June,Jun,6,2,2022
20220701,2022-07-01,Friday,27,July,Jul,7,3,2022
20220702,2022-07-02,Saturday,27,July,Jul,7,3,2022
20220703,2022-07-03,Sunday,28,July,Jul,7,3,2022
20220704,2022-07-04,Monday,28,July,Jul,7,3,2022
20220705,2022-07-05,Tuesday,28,July,Jul,7,3,2022
20220706,2022-07-06,Wednesday,28,July,Jul,7,3,2022
20220707,2022-07-07,Thursday,28,July,Jul,7,3,2022
20220708,2022-07-08,Friday,28,July,Jul,7,3,2022
20220709,2022-07-09,Saturday,28,July,Jul,7,3,2022
20220710,2022-07-10,Sunday,29,July,Jul,7,3,2022
20220711,2022-07-11,Monday,29,July,Jul,7,3,2022
20220712,2022-07-12,Tuesday,29,July,Jul,7,3,2022
20220713,2022-07-13,Wednesday,29,July,Jul,7,3,2022
20220714,2022-07-14,Thursday,29,July,Jul,7,3,2022
20220715,2022-07-15,Friday,29,July,Jul,7,3,2022
20220716,2022-07-16,Saturday,29,July,Jul,7,3,2022
20220717,2022-07-17,Sunday,30,July,Jul,7,3,2022
20220718,2022-07-18,Monday,30,July,Jul,7,3,2022
20220719,2022-07-19,Tuesday,30,July,Jul,7,3,2022
20220720,2022-07-20,Wednesday,30,July,Jul,7,3,2022
20220721,2022-07-21,Thursday,30,July,Jul,7,3,2022
20220722,2022-07-22,Friday,30,July,Jul,7,3,2022
20220723,2022-07-23,Saturday,30,July,Jul,7,3,2022
20220724,2022-07-24,Sunday,31,July,Jul,7,3,2022
20220725,2022-07-25,Monday,31,July,Jul,7,3,2022
20220726,2022-07-26,Tuesday,31,July,Jul,7,3,2022
20220727,2022-07-27,Wednesday,31,July,Jul,7,3,2022
20220728,2022-07-28,Thursday,31,July,Jul,7,3,2022
20220729,2022-07-29,Friday,31,July,Jul,7,3,2022
20220730,2022-07-30,Saturday,31,July,Jul,7,3,2022
20220731,2022-07-31,Sunday,32,July,Jul,7,3,2022
20220801,2022-08-01,Monday,32,August,Aug,8,3,2022
20220802,2022-08-02,Tuesday,32,August,Aug,8,3,2022
20220803,2022-08-03,Wednesday,32,August,Aug,8,3,2022
20220804,2022-08-04,Thursday,32,August,Aug,8,3,2022
20220805,2022-08-05,Friday,32,August,Aug,8,3,2022
20220806,2022-08-06,Saturday,32,August,Aug,8,3,2022
20220807,2022-08-07,Sunday,33,August,Aug,8,3,2022
20220808,2022-08-08,Monday,33,August,Aug,8,3,2022
20220809,2022-08-09,Tuesday,33,August,Aug,8,3,2022
20220810,2022-08-10,Wednesday,33,August,Aug,8,3,2022
20220811,2022-08-11,Thursday,33,August,Aug,8,3,2022
20220812,2022-08-12,Friday,33,August,Aug,8,3,2022
20220813,2022-08-13,Saturday,33,August,Aug,8,3,2022
20220814,2022-08-14,Sunday,34,August,Aug,8,3,2022
20220815,2022-08-15,Monday,34,August,Aug,8,3,2022
20220816,2022-08-16,Tuesday,34,August,Aug,8,3,2022
20220817,2022-08-17,Wednesday,34,August,Aug,8,3,2022
20220818,2022-08-18,Thursday,34,August,Aug,8,3,2022
20220819,2022-08-19,Friday,34,August,Aug,8,3,2022
20220820,2022-08-20,Saturday,34,August,Aug,8,3,2022
20220821,2022-08-21,Sunday,35,August,Aug,8,3,2022
20220822,2022-08-22,Monday,35,August,Aug,8,3,2022
20220823,2022-08-23,Tuesday,35,August,Aug,8,3,2022
20220824,2022-08-24,Wednesday,35,August,Aug,8,3,2022
20220825,2022-08-25,Thursday,35,August,Aug,8,3,2022
20220826,2022-08-26,Friday,35,August,Aug,8,3,2022
20220827,2022-08-27,Saturday,35,August,Aug,8,3,2022
20220828,2022-08-28,Sunday,36,August,Aug,8,3,2022
20220829,2022-08-29,Monday,36,August,Aug,8,3,2022
20220830,2022-08-30,Tuesday,36,August,Aug,8,3,2022
20220831,2022-08-31,Wednesday,36,August,Aug,8,3,2022
20220901,2022-09-01,Thursday,36,September,Sep,9,3,2022
20220902,2022-09-02,Friday,36,September,Sep,9,3,2022
20220903,2022-09-03,Saturday,36,September,Sep,9,3,2022
20220904,2022-09-04,Sunday,37,September,Sep,9,3,2022
20220905,2022-09-05,Monday,37,September,Sep,9,3,2022
20220906,2022-09-06,Tuesday,37,September,Sep,9,3,2022
20220907,2022-09-07,Wednesday,37,September,Sep,9,3,2022
20220908,2022-09-08,Thursday,37,September,Sep,9,3,2022
20220909,2022-09-09,Friday,37,September,Sep,9,3,2022
20220910,2022-09-10,Saturday,37,September,Sep,9,3,2022
20220911,2022-09-11,Sunday,38,September,Sep,9,3,2022
20220912,2022-09-12,Monday,38,September,Sep,9,3,2022
20220913,2022-09-13,Tuesday,38,September,Sep,9,3,2022
20220914,2022-09-14,Wednesday,38,September,Sep,9,3,2022
20220915,2022-09-15,Thursday,38,September,Sep,9,3,2022
20220916,2022-09-16,Friday,38,September,Sep,9,3,2022
20220917,2022-09-17,Saturday,38,September,Sep,9,3,2022
20220918,2022-09-18,Sunday,39,September,Sep,9,3,2022
20220919,2022-09-19,Monday,39,September,Sep,9,3,2022
20220920,2022-09-20,Tuesday,39,September,Sep,9,3,2022
20220921,2022-09-21,Wednesday,39,September,Sep,9,3,2022
20220922,2022-09-22,Thursday,39,September,Sep,9,3,2022
20220923,2022-09-23,Friday,39,September,Sep,9,3,2022
20220924,2022-09-24,Saturday,39,September,Sep,9,3,2022
20220925,2022-09-25,Sunday,40,September,Sep,9,3,2022
20220926,2022-09-26,Monday,40,September,Sep,9,3,2022
20220927,2022-09-27,Tuesday,40,September,Sep,9,3,2022
20220928,2022-09-28,Wednesday,40,September,Sep,9,3,2022
20220929,2022-09-29,Thursday,40,September,Sep,9,3,2022
20220930,2022-09-30,Friday,40,September,Sep,9,3,2022
20221001,2022-10-01,Saturday,40,October,Oct,10,4,2022
20221002,2022-10-02,Sunday,41,October,Oct,10,4,2022
20221003,2022-10-03,Monday,41,October,Oct,10,4,2022
20221004,2022-10-04,Tuesday,41,October,Oct,10,4,2022
20221005,2022-10-05,Wednesday,41,October,Oct,10,4,2022
20221006,2022-10-06,Thursday,41,October,Oct,10,4,2022
20221007,2022-10-07,Friday,41,October,Oct,10,4,2022
20221008,2022-10-08,Saturday,41,October,Oct,10,4,2022
20221009,2022-10-09,Sunday,42,October,Oct,10,4,2022
20221010,2022-10-10,Monday,42,October,Oct,10,4,2022
20221011,2022-10-11,Tuesday,42,October,Oct,10,4,2022
20221012,2022-10-12,Wednesday,42,October,Oct,10,4,2022
20221013,2022-10-13,Thursday,42,October,Oct,10,4,2022
20221014,2022-10-14,Friday,42,October,Oct,10,4,2022
20221015,2022-10-15,Saturday,42,October,Oct,10,4,2022
20221016,2022-10-16,Sunday,43,October,Oct,10,4,2022
20221017,2022-10-17,Monday,43,October,Oct,10,4,2022
20221018,2022-10-18,Tuesday,43,October,Oct,10,4,2022
20221019,2022-10-19,Wednesday,43,October,Oct,10,4,2022
20221020,2022-10-20,Thursday,43,October,Oct,10,4,2022
20221021,2022-10-21,Friday,43,October,Oct,10,4,2022
20221022,2022-10-22,Saturday,43,October,Oct,10,4,2022
20221023,2022-10-23,Sunday,44,October,Oct,10,4,2022
20221024,2022-10-24,Monday,44,October,Oct,10,4,2022
20221025,2022-10-25,Tuesday,44,October,Oct,10,4,2022
20221026,2022-10-26,Wednesday,44,October,Oct,10,4,2022
20221027,2022-10-27,Thursday,44,October,Oct,10,4,2022
20221028,2022-10-28,Friday,44,October,Oct,10,4,2022
20221029,2022-10-29,Saturday,44,October,Oct,10,4,2022
20221030,2022-10-30,Sunday,45,October,Oct,10,4,2022
20221031,2022-10-31,Monday,45,October,Oct,10,4,2022
20221101,2022-11-01,Tuesday,45,November,Nov,11,4,2022
20221102,2022-11-02,Wednesday,45,November,Nov,11,4,2022
20221103,2022-11-03,Thursday,45,November,Nov,11,4,2022
20221104,2022-11-04,Friday,45,November,Nov,11,4,2022
20221105,2022-11-05,Saturday,45,November,Nov,11,4,2022
20221106,2022-11-06,Sunday,46,November,Nov,11,4,2022
20221107,2022-11-07,Monday,46,November,Nov,11,4,2022
20221108,2022-11-08,Tuesday,46,November,Nov,11,4,2022
20221109,2022-11-09,Wednesday,46,November,Nov,11,4,2022
20221110,2022-11-10,Thursday,46,November,Nov,11,4,2022
20221111,2022-11-11,Friday,46,November,Nov,11,4,2022
20221112,2022-11-12,Saturday,46,November,Nov,11,4,2022
20221113,2022-11-13,Sunday,47,November,Nov,11,4,2022
20221114,2022-11-14,Monday,47,November,Nov,11,4,2022
20221115,2022-11-15,Tuesday,47,November,Nov,11,4,2022
20221116,2022-11-16,Wednesday,47,November,Nov,11,4,2022
20221117,2022-11-17,Thursday,47,November,Nov,11,4,2022
20221118,2022-11-18,Friday,47,November,Nov,11,4,2022
20221119,2022-11-19,Saturday,47,November,Nov,11,4,2022
20221120,2022-11-20,Sunday,48,November,Nov,11,4,2022
20221121,2022-11-21,Monday,48,November,Nov,11,4,2022
20221122,2022-11-22,Tuesday,48,November,Nov,11,4,2022
20221123,2022-11-23,Wednesday,48,November,Nov,11,4,2022
20221124,2022-11-24,Thursday,48,November,Nov,11,4,2022
20221125,2022-11-25,Friday,48,November,Nov,11,4,2022
20221126,2022-11-26,Saturday,48,November,Nov,11,4,2022
20221127,2022-11-27,Sunday,49,November,Nov,11,4,2022
20221128,2022-11-28,Monday,49,November,Nov,11,4,2022
20221129,2022-11-29,Tuesday,49,November,Nov,11,4,2022
20221130,2022-11-30,Wednesday,49,November,Nov,11,4,2022
20221201,2022-12-01,Thursday,49,December,Dec,12,4,2022
20221202,2022-12-02,Friday,49,December,Dec,12,4,2022
20221203,2022-12-03,Saturday,49,December,Dec,12,4,2022
20221204,2022-12-04,Sunday,50,December,Dec,12,4,2022
20221205,2022-12-05,Monday,50,December,Dec,12,4,2022
20221206,2022-12-06,Tuesday,50,December,Dec,12,4,2022
20221207,2022-12-07,Wednesday,50,December,Dec,12,4,2022
20221208,2022-12-08,Thursday,50,December,Dec,12,4,2022
20221209,2022-12-09,Friday,50,December,Dec,12,4,2022
20221210,2022-12-10,Saturday,50,December,Dec,12,4,2022
20221211,2022-12-11,Sunday,51,December,Dec,12,4,2022
20221212,2022-12-12,Monday,51,December,Dec,12,4,2022
20221213,2022-12-13,Tuesday,51,December,Dec,12,4,2022
20221214,2022-12-14,Wednesday,51,December,Dec,12,4,2022
20221215,2022-12-15,Thursday,51,December,Dec,12,4,2022
20221216,2022-12-16,Friday,51,December,Dec,12,4,2022
20221217,2022-12-17,Saturday,51,December,Dec,12,4,2022
20221218,2022-12-18,Sunday,52,December,Dec,12,4,2022
20221219,2022-12-19,Monday,52,December,Dec,12,4,2022
20221220,2022-12-20,Tuesday,52,December,Dec,12,4,2022
20221221,2022-12-21,Wednesday,52,December,Dec,12,4,2022
20221222,2022-12-22,Thursday,52,December,Dec,12,4,2022
20221223,2022-12-23,Friday,52,December,Dec,12,4,2022
20221224,2022-12-24,Saturday,52,December,Dec,12,4,2022
20221225,2022-12-25,Sunday,53,December,Dec,12,4,2022
20221226,2022-12-26,Monday,53,December,Dec,12,4,2022
20221227,2022-12-27,Tuesday,53,December,Dec,12,4,2022
20221228,2022-12-28,Wednesday,53,December,Dec,12,4,2022
20221229,2022-12-29,Thursday,53,December,Dec,12,4,2022
20221230,2022-12-30,Friday,53,December,Dec,12,4,2022
20221231,2022-12-31,Saturday,53,December,Dec,12,4,2022
20230101,2023-01-01,Sunday,1,January,Jan,1,1,2023
20230102,2023-01-02,Monday,1,January,Jan,1,1,2023
20230103,2023-01-03,Tuesday,1,January,Jan,1,1,2023
20230104,2023-01-04,Wednesday,1,January,Jan,1,1,2023
20230105,2023-01-05,Thursday,1,January,Jan,1,1,2023
20230106,2023-01-06,Friday,1,January,Jan,1,1,2023
20230107,2023-01-07,Saturday,1,January,Jan,1,1,2023
20230108,2023-01-08,Sunday,2,January,Jan,1,1,2023
20230109,2023-01-09,Monday,2,January,Jan,1,1,2023
20230110,2023-01-10,Tuesday,2,January,Jan,1,1,2023
20230111,2023-01-11,Wednesday,2,January,Jan,1,1,2023
20230112,2023-01-12,Thursday,2,January,Jan,1,1,2023
20230113,2023-01-13,Friday,2,January,Jan,1,1,2023
20230114,2023-01-14,Saturday,2,January,Jan,1,1,2023
20230115,2023-01-15,Sunday,3,January,Jan,1,1,2023
20230116,2023-01-16,Monday,3,January,Jan,1,1,2023
20230117,2023-01-17,Tuesday,3,January,Jan,1,1,2023
20230118,2023-01-18,Wednesday,3,January,Jan,1,1,2023
20230119,2023-01-19,Thursday,3,January,Jan,1,1,2023
20230120,2023-01-20,Friday,3,January,Jan,1,1,2023
20230121,2023-01-21,Saturday,3,January,Jan,1,1,2023
20230122,2023-01-22,Sunday,4,January,Jan,1,1,2023
20230123,2023-01-23,Monday,4,January,Jan,1,1,2023
20230124,2023-01-24,Tuesday,4,January,Jan,1,1,2023
20230125,2023-01-25,Wednesday,4,January,Jan,1,1,2023
20230126,2023-01-26,Thursday,4,January,Jan,1,1,2023
20230127,2023-01-27,Friday,4,January,Jan,1,1,2023
20230128,2023-01-28,Saturday,4,January,Jan,1,1,2023
20230129,2023-01-29,Sunday,5,January,Jan,1,1,2023
20230130,2023-01-30,Monday,5,January,Jan,1,1,2023
20230131,2023-01-31,Tuesday,5,January,Jan,1,1,2023
20230201,2023-02-01,Wednesday,5,February,Feb,2,1,2023
20230202,2023-02-02,Thursday,5,February,Feb,2,1,2023
20230203,2023-02-03,Friday,5,February,Feb,2,1,2023
20230204,2023-02-04,Saturday,5,February,Feb,2,1,2023
20230205,2023-02-05,Sunday,6,February,Feb,2,1,2023
20230206,2023-02-06,Monday,6,February,Feb,2,1,2023
20230207,2023-02-07,Tuesday,6,February,Feb,2,1,2023
20230208,2023-02-08,Wednesday,6,February,Feb,2,1,2023
20230209,2023-02-09,Thursday,6,February,Feb,2,1,2023
20230210,2023-02-10,Friday,6,February,Feb,2,1,2023
20230211,2023-02-11,Saturday,6,February,Feb,2,1,2023
20230212,2023-02-12,Sunday,7,February,Feb,2,1,2023
20230213,2023-02-13,Monday,7,February,Feb,2,1,2023
20230214,2023-02-14,Tuesday,7,February,Feb,2,1,2023
20230215,2023-02-15,Wednesday,7,February,Feb,2,1,2023
20230216,2023-02-16,Thursday,7,February,Feb,2,1,2023
20230217,2023-02-17,Friday,7,February,Feb,2,1,2023
20230218,2023-02-18,Saturday,7,February,Feb,2,1,2023
20230219,2023-02-19,Sunday,8,February,Feb,2,1,2023
20230220,2023-02-20,Monday,8,February,Feb,2,1,2023
20230221,2023-02-21,Tuesday,8,February,Feb,2,1,2023
20230222,2023-02-22,Wednesday,8,February,Feb,2,1,2023
20230223,2023-02-23,Thursday,8,February,Feb,2,1,2023
20230224,2023-02-24,Friday,8,February,Feb,2,1,2023
20230225,2023-02-25,Saturday,8,February,Feb,2,1,2023
20230226,2023-02-26,Sunday,9,February,Feb,2,1,2023
20230227,2023-02-27,Monday,9,February,Feb,2,1,2023
20230228,2023-02-28,Tuesday,9,February,Feb,2,1,2023
20230301,2023-03-01,Wednesday,9,March,Mar,3,1,2023
20230302,2023-03-02,Thursday,9,March,Mar,3,1,2023
20230303,2023-03-03,Friday,9,March,Mar,3,1,2023
20230304,2023-03-04,Saturday,9,March,Mar,3,1,2023
20230305,2023-03-05,Sunday,10,March,Mar,3,1,2023
20230306,2023-03-06,Monday,10,March,Mar,3,1,2023
20230307,2023-03-07,Tuesday,10,March,Mar,3,1,2023
20230308,2023-03-08,Wednesday,10,March,Mar,3,1,2023
20230309,2023-03-09,Thursday,10,March,Mar,3,1,2023
20230310,2023-03-10,Friday,10,March,Mar,3,1,2023
20230311,2023-03-11,Saturday,10,March,Mar,3,1,2023
20230312,2023-03-12,Sunday,11,March,Mar,3,1,2023
20230313,2023-03-13,Monday,11,March,Mar,3,1,2023
20230314,2023-03-14,Tuesday,11,March,Mar,3,1,2023
20230315,2023-03-15,Wednesday,11,March,Mar,3,1,2023
20230316,2023-03-16,Thursday,11,March,Mar,3,1,2023
20230317,2023-03-17,Friday,11,March,Mar,3,1,2023
20230318,2023-03-18,Saturday,11,March,Mar,3,1,2023
20230319,2023-03-19,Sunday,12,March,Mar,3,1,2023
20230320,2023-03-20,Monday,12,March,Mar,3,1,2023
20230321,2023-03-21,Tuesday,12,March,Mar,3,1,2023
20230322,2023-03-22,Wednesday,12,March,Mar,3,1,2023
20230323,2023-03-23,Thursday,12,March,Mar,3,1,2023
20230324,2023-03-24,Friday,12,March,Mar,3,1,2023
20230325,2023-03-25,Saturday,12,March,Mar,3,1,2023
20230326,2023-03-26,Sunday,13,March,Mar,3,1,2023
20230327,2023-03-27,Monday,13,March,Mar,3,1,2023
20230328,2023-03-28,Tuesday,13,March,Mar,3,1,2023
20230329,2023-03-29,Wednesday,13,March,Mar,3,1,2023
20230330,2023-03-30,Thursday,13,March,Mar,3,1,2023
20230331,2023-03-31,Friday,13,March,Mar,3,1,2023
20230401,2023-04-01,Saturday,13,April,Apr,4,2,2023
20230402,2023-04-02,Sunday,14,April,Apr,4,2,2023
20230403,2023-04-03,Monday,14,April,Apr,4,2,2023
20230404,2023-04-04,Tuesday,14,April,Apr,4,2,2023
20230405,2023-04-05,Wednesday,14,April,Apr,4,2,2023
20230406,2023-04-06,Thursday,14,April,Apr,4,2,2023
20230407,2023-04-07,Friday,14,April,Apr,4,2,2023
20230408,2023-04-08,Saturday,14,April,Apr,4,2,2023
20230409,2023-04-09,Sunday,15,April,Apr,4,2,2023
20230410,2023-04-10,Monday,15,April,Apr,4,2,2023
20230411,2023-04-11,Tuesday,15,April,Apr,4,2,2023
20230412,2023-04-12,Wednesday,15,April,Apr,4,2,2023
20230413,2023-04-13,Thursday,15,April,Apr,4,2,2023
20230414,2023-04-14,Friday,15,April,Apr,4,2,2023
20230415,2023-04-15,Saturday,15,April,Apr,4,2,2023
20230416,2023-04-16,Sunday,16,April,Apr,4,2,2023
20230417,2023-04-17,Monday,16,April,Apr,4,2,2023
20230418,2023-04-18,Tuesday,16,April,Apr,4,2,2023
20230419,2023-04-19,Wednesday,16,April,Apr,4,2,2023
20230420,2023-04-20,Thursday,16,April,Apr,4,2,2023
20230421,2023-04-21,Friday,16,April,Apr,4,2,2023
20230422,2023-04-22,Saturday,16,April,Apr,4,2,2023
20230423,2023-04-23,Sunday,17,April,Apr,4,2,2023
20230424,2023-04-24,Monday,17,April,Apr,4,2,2023
20230425,2023-04-25,Tuesday,17,April,Apr,4,2,2023
20230426,2023-04-26,Wednesday,17,April,Apr,4,2,2023
20230427,2023-04-27,Thursday,17,April,Apr,4,2,2023
20230428,2023-04-28,Friday,17,April,Apr,4,2,2023
20230429,2023-04-29,Saturday,17,April,Apr,4,2,2023
20230430,2023-04-30,Sunday,18,April,Apr,4,2,2023
20230501,2023-05-01,Monday,18,May,May,5,2,2023
20230502,2023-05-02,Tuesday,18,May,May,5,2,2023
20230503,2023-05-03,Wednesday,18,May,May,5,2,2023
20230504,2023-05-04,Thursday,18,May,May,5,2,2023
20230505,2023-05-05,Friday,18,May,May,5,2,2023
20230506,2023-05-06,Saturday,18,May,May,5,2,2023
20230507,2023-05-07,Sunday,19,May,May,5,2,2023
20230508,2023-05-08,Monday,19,May,May,5,2,2023
20230509,2023-05-09,Tuesday,19,May,May,5,2,2023
20230510,2023-05-10,Wednesday,19,May,May,5,2,2023
20230511,2023-05-11,Thursday,19,May,May,5,2,2023
20230512,2023-05-12,Friday,19,May,May,5,2,2023
20230513,2023-05-13,Saturday,19,May,May,5,2,2023
20230514,2023-05-14,Sunday,20,May,May,5,2,2023
20230515,2023-05-15,Monday,20,May,May,5,2,2023
20230516,2023-05-16,Tuesday,20,May,May,5,2,2023
20230517,2023-05-17,Wednesday,20,May,May,5,2,2023
20230518,2023-05-18,Thursday,20,May,May,5,2,2023
20230519,2023-05-19,Friday,20,May,May,5,2,2023
20230520,2023-05-20,Saturday,20,May,May,5,2,2023
20230521,2023-05-21,Sunday,21,May,May,5,2,2023
20230522,2023-05-22,Monday,21,May,May,5,2,2023
20230523,2023-05-23,Tuesday,21,May,May,5,2,2023
20230524,2023-05-24,Wednesday,21,May,May,5,2,2023
20230525,2023-05-25,Thursday,21,May,May,5,2,2023
20230526,2023-05-26,Friday,21,May,May,5,2,2023
20230527,2023-05-27,Saturday,21,May,May,5,2,2023
20230528,2023-05-28,Sunday,22,May,May,5,2,2023
20230529,2023-05-29,Monday,22,May,May,5,2,2023
20230530,2023-05-30,Tuesday,22,May,May,5,2,2023
20230531,2023-05-31,Wednesday,22,May,May,5,2,2023
20230601,2023-06-01,Thursday,22,June,Jun,6,2,2023
20230602,2023-06-02,Friday,22,June,Jun,6,2,2023
20230603,2023-06-03,Saturday,22,June,Jun,6,2,2023
20230604,2023-06-04,Sunday,23,June,Jun,6,2,2023
20230605,2023-06-05,Monday,23,June,Jun,6,2,2023
20230606,2023-06-06,Tuesday,23,June,Jun,6,2,2023
20230607,2023-06-07,Wednesday,23,June,Jun,6,2,2023
20230608,2023-06-08,Thursday,23,June,Jun,6,2,2023
20230609,2023-06-09,Friday,23,June,Jun,6,2,2023
20230610,2023-06-10,Saturday,23,June,Jun,6,2,2023
20230611,2023-06-11,Sunday,24,June,Jun,6,2,2023
20230612,2023-06-12,Monday,24,June,Jun,6,2,2023
20230613,2023-06-13,Tuesday,24,June,Jun,6,2,2023
20230614,2023-06-14,Wednesday,24,June,Jun,6,2,2023
20230615,2023-06-15,Thursday,24,June,Jun,6,2,2023
20230616,2023-06-16,Friday,24,June,Jun,6,2,2023
20230617,2023-06-17,Saturday,24,June,Jun,6,2,2023
20230618,2023-06-18,Sunday,25,June,Jun,6,2,2023
20230619,2023-06-19,Monday,25,June,Jun,6,2,2023
20230620,2023-06-20,Tuesday,25,June,Jun,6,2,2023
20230621,2023-06-21,Wednesday,25,June,Jun,6,2,2023
20230622,2023-06-22,Thursday,25,June,Jun,6,2,2023
20230623,2023-06-23,Friday,25,June,Jun,6,2,2023
20230624,2023-06-24,Saturday,25,June,Jun,6,2,2023
20230625,2023-06-25,Sunday,26,June,Jun,6,2,2023
20230626,2023-06-26,Monday,26,June,Jun,6,2,2023
20230627,2023-06-27,Tuesday,26,June,Jun,6,2,2023
20230628,2023-06-28,Wednesday,26,June,Jun,6,2,2023
20230629,2023-06-29,Thursday,26,June,Jun,6,2,2023
20230630,2023-06-30,Friday,26,June,Jun,6,2,2023
20230701,2023-07-01,Saturday,26,July,Jul,7,3,2023
20230702,2023-07-02,Sunday,27,July,Jul,7,3,2023
20230703,2023-07-03,Monday,27,July,Jul,7,3,2023
20230704,2023-07-04,Tuesday,27,July,Jul,7,3,2023
20230705,2023-07-05,Wednesday,27,July,Jul,7,3,2023
20230706,2023-07-06,Thursday,27,July,Jul,7,3,2023
20230707,2023-07-07,Friday,27,July,Jul,7,3,2023
20230708,2023-07-08,Saturday,27,July,Jul,7,3,2023
20230709,2023-07-09,Sunday,28,July,Jul,7,3,2023
20230710,2023-07-10,Monday,28,July,Jul,7,3,2023
20230711,2023-07-11,Tuesday,28,July,Jul,7,3,2023
20230712,2023-07-12,Wednesday,28,July,Jul,7,3,2023
20230713,2023-07-13,Thursday,28,July,Jul,7,3,2023
20230714,2023-07-14,Friday,28,July,Jul,7,3,2023
20230715,2023-07-15,Saturday,28,July,Jul,7,3,2023
20230716,2023-07-16,Sunday,29,July,Jul,7,3,2023
20230717,2023-07-17,Monday,29,July,Jul,7,3,2023
20230718,2023-07-18,Tuesday,29,July,Jul,7,3,2023
20230719,2023-07-19,Wednesday,29,July,Jul,7,3,2023
20230720,2023-07-20,Thursday,29,July,Jul,7,3,2023
20230721,2023-07-21,Friday,29,July,Jul,7,3,2023
20230722,2023-07-22,Saturday,29,July,Jul,7,3,2023
20230723,2023-07-23,Sunday,30,July,Jul,7,3,2023
20230724,2023-07-24,Monday,30,July,Jul,7,3,2023
20230725,2023-07-25,Tuesday,30,July,Jul,7,3,2023
20230726,2023-07-26,Wednesday,30,July,Jul,7,3,2023
20230727,2023-07-27,Thursday,30,July,Jul,7,3,2023
20230728,2023-07-28,Friday,30,July,Jul,7,3,2023
20230729,2023-07-29,Saturday,30,July,Jul,7,3,2023
20230730,2023-07-30,Sunday,31,July,Jul,7,3,2023
20230731,2023-07-31,Monday,31,July,Jul,7,3,2023
20230801,2023-08-01,Tuesday,31,August,Aug,8,3,2023
20230802,2023-08-02,Wednesday,31,August,Aug,8,3,2023
20230803,2023-08-03,Thursday,31,August,Aug,8,3,2023
20230804,2023-08-04,Friday,31,August,Aug,8,3,2023
20230805,2023-08-05,Saturday,31,August,Aug,8,3,2023
20230806,2023-08-06,Sunday,32,August,Aug,8,3,2023
20230807,2023-08-07,Monday,32,August,Aug,8,3,2023
20230808,2023-08-08,Tuesday,32,August,Aug,8,3,2023
20230809,2023-08-09,Wednesday,32,August,Aug,8,3,2023
20230810,2023-08-10,Thursday,32,August,Aug,8,3,2023
20230811,2023-08-11,Friday,32,August,Aug,8,3,2023
20230812,2023-08-12,Saturday,32,August,Aug,8,3,2023
20230813,2023-08-13,Sunday,33,August,Aug,8,3,2023
20230814,2023-08-14,Monday,33,August,Aug,8,3,2023
20230815,2023-08-15,Tuesday,33,August,Aug,8,3,2023
20230816,2023-08-16,Wednesday,33,August,Aug,8,3,2023
20230817,2023-08-17,Thursday,33,August,Aug,8,3,2023
20230818,2023-08-18,Friday,33,August,Aug,8,3,2023
20230819,2023-08-19,Saturday,33,August,Aug,8,3,2023
20230820,2023-08-20,Sunday,34,August,Aug,8,3,2023
20230821,2023-08-21,Monday,34,August,Aug,8,3,2023
20230822,2023-08-22,Tuesday,34,August,Aug,8,3,2023
20230823,2023-08-23,Wednesday,34,August,Aug,8,3,2023
20230824,2023-08-24,Thursday,34,August,Aug,8,3,2023
20230825,2023-08-25,Friday,34,August,Aug,8,3,2023
20230826,2023-08-26,Saturday,34,August,Aug,8,3,2023
20230827,2023-08-27,Sunday,35,August,Aug,8,3,2023
20230828,2023-08-28,Monday,35,August,Aug,8,3,2023
20230829,2023-08-29,Tuesday,35,August,Aug,8,3,2023
20230830,2023-08-30,Wednesday,35,August,Aug,8,3,2023
20230831,2023-08-31,Thursday,35,August,Aug,8,3,2023
20230901,2023-09-01,Friday,35,September,Sep,9,3,2023
20230902,2023-09-02,Saturday,35,September,Sep,9,3,2023
20230903,2023-09-03,Sunday,36,September,Sep,9,3,2023
20230904,2023-09-04,Monday,36,September,Sep,9,3,2023
20230905,2023-09-05,Tuesday,36,September,Sep,9,3,2023
20230906,2023-09-06,Wednesday,36,September,Sep,9,3,2023
20230907,2023-09-07,Thursday,36,September,Sep,9,3,2023
20230908,2023-09-08,Friday,36,September,Sep,9,3,2023
20230909,2023-09-09,Saturday,36,September,Sep,9,3,2023
20230910,2023-09-10,Sunday,37,September,Sep,9,3,2023
20230911,2023-09-11,Monday,37,September,Sep,9,3,2023
20230912,2023-09-12,Tuesday,37,September,Sep,9,3,2023
20230913,2023-09-13,Wednesday,37,September,Sep,9,3,2023
20230914,2023-09-14,Thursday,37,September,Sep,9,3,2023
20230915,2023-09-15,Friday,37,September,Sep,9,3,2023
20230916,2023-09-16,Saturday,37,September,Sep,9,3,2023
20230917,2023-09-17,Sunday,38,September,Sep,9,3,2023
20230918,2023-09-18,Monday,38,September,Sep,9,3,2023
20230919,2023-09-19,Tuesday,38,September,Sep,9,3,2023
20230920,2023-09-20,Wednesday,38,September,Sep,9,3,2023
20230921,2023-09-21,Thursday,38,September,Sep,9,3,2023
20230922,2023-09-22,Friday,38,September,Sep,9,3,2023
20230923,2023-09-23,Saturday,38,September,Sep,9,3,2023
20230924,2023-09-24,Sunday,39,September,Sep,9,3,2023
20230925,2023-09-25,Monday,39,September,Sep,9,3,2023
20230926,2023-09-26,Tuesday,39,September,Sep,9,3,2023
20230927,2023-09-27,Wednesday,39,September,Sep,9,3,2023
20230928,2023-09-28,Thursday,39,September,Sep,9,3,2023
20230929,2023-09-29,Friday,39,September,Sep,9,3,2023
20230930,2023-09-30,Saturday,39,September,Sep,9,3,2023
20231001,2023-10-01,Sunday,40,October,Oct,10,4,2023
20231002,2023-10-02,Monday,40,October,Oct,10,4,2023
20231003,2023-10-03,Tuesday,40,October,Oct,10,4,2023
20231004,2023-10-04,Wednesday,40,October,Oct,10,4,2023
20231005,2023-10-05,Thursday,40,October,Oct,10,4,2023
20231006,2023-10-06,Friday,40,October,Oct,10,4,2023
20231007,2023-10-07,Saturday,40,October,Oct,10,4,2023
20231008,2023-10-08,Sunday,41,October,Oct,10,4,2023
20231009,2023-10-09,Monday,41,October,Oct,10,4,2023
20231010,2023-10-10,Tuesday,41,October,Oct,10,4,2023
20231011,2023-10-11,Wednesday,41,October,Oct,10,4,2023
20231012,2023-10-12,Thursday,41,October,Oct,10,4,2023
20231013,2023-10-13,Friday,41,October,Oct,10,4,2023
20231014,2023-10-14,Saturday,41,October,Oct,10,4,2023
20231015,2023-10-15,Sunday,42,October,Oct,10,4,2023
20231016,2023-10-16,Monday,42,October,Oct,10,4,2023
20231017,2023-10-17,Tuesday,42,October,Oct,10,4,2023
20231018,2023-10-18,Wednesday,42,October,Oct,10,4,2023
20231019,2023-10-19,Thursday,42,October,Oct,10,4,2023
20231020,2023-10-20,Friday,42,October,Oct,10,4,2023
20231021,2023-10-21,Saturday,42,October,Oct,10,4,2023
20231022,2023-10-22,Sunday,43,October,Oct,10,4,2023
20231023,2023-10-23,Monday,43,October,Oct,10,4,2023
20231024,2023-10-24,Tuesday,43,October,Oct,10,4,2023
20231025,2023-10-25,Wednesday,43,October,Oct,10,4,2023
20231026,2023-10-26,Thursday,43,October,Oct,10,4,2023
20231027,2023-10-27,Friday,43,October,Oct,10,4,2023
20231028,2023-10-28,Saturday,43,October,Oct,10,4,2023
20231029,2023-10-29,Sunday,44,October,Oct,10,4,2023
20231030,2023-10-30,Monday,44,October,Oct,10,4,2023
20231031,2023-10-31,Tuesday,44,October,Oct,10,4,2023
20231101,2023-11-01,Wednesday,44,November,Nov,11,4,2023
20231102,2023-11-02,Thursday,44,November,Nov,11,4,2023
20231103,2023-11-03,Friday,44,November,Nov,11,4,2023
20231104,2023-11-04,Saturday,44,November,Nov,11,4,2023
20231105,2023-11-05,Sunday,45,November,Nov,11,4,2023
20231106,2023-11-06,Monday,45,November,Nov,11,4,2023
20231107,2023-11-07,Tuesday,45,November,Nov,11,4,2023
20231108,2023-11-08,Wednesday,45,November,Nov,11,4,2023
20231109,2023-11-09,Thursday,45,November,Nov,11,4,2023
20231110,2023-11-10,Friday,45,November,Nov,11,4,2023
20231111,2023-11-11,Saturday,45,November,Nov,11,4,2023
20231112,2023-11-12,Sunday,46,November,Nov,11,4,2023
20231113,2023-11-13,Monday,46,November,Nov,11,4,2023
20231114,2023-11-14,Tuesday,46,November,Nov,11,4,2023
20231115,2023-11-15,Wednesday,46,November,Nov,11,4,2023
20231116,2023-11-16,Thursday,46,November,Nov,11,4,2023
20231117,2023-11-17,Friday,46,November,Nov,11,4,2023
20231118,2023-11-18,Saturday,46,November,Nov,11,4,2023
20231119,2023-11-19,Sunday,47,November,Nov,11,4,2023
20231120,2023-11-20,Monday,47,November,Nov,11,4,2023
20231121,2023-11-21,Tuesday,47,November,Nov,11,4,2023
20231122,2023-11-22,Wednesday,47,November,Nov,11,4,2023
20231123,2023-11-23,Thursday,47,November,Nov,11,4,2023
20231124,2023-11-24,Friday,47,November,Nov,11,4,2023
20231125,2023-11-25,Saturday,47,November,Nov,11,4,2023
20231126,2023-11-26,Sunday,48,November,Nov,11,4,2023
20231127,2023-11-27,Monday,48,November,Nov,11,4,2023
20231128,2023-11-28,Tuesday,48,November,Nov,11,4,2023
20231129,2023-11-29,Wednesday,48,November,Nov,11,4,2023
20231130,2023-11-30,Thursday,48,November,Nov,11,4,2023
20231201,2023-12-01,Friday,48,December,Dec,12,4,2023
20231202,2023-12-02,Saturday,48,December,Dec,12,4,2023
20231203,2023-12-03,Sunday,49,December,Dec,12,4,2023
20231204,2023-12-04,Monday,49,December,Dec,12,4,2023
20231205,2023-12-05,Tuesday,49,December,Dec,12,4,2023
20231206,2023-12-06,Wednesday,49,December,Dec,12,4,2023
20231207,2023-12-07,Thursday,49,December,Dec,12,4,2023
20231208,2023-12-08,Friday,49,December,Dec,12,4,2023
20231209,2023-12-09,Saturday,49,December,Dec,12,4,2023
20231210,2023-12-10,Sunday,50,December,Dec,12,4,2023
20231211,2023-12-11,Monday,50,December,Dec,12,4,2023
20231212,2023-12-12,Tuesday,50,December,Dec,12,4,2023
20231213,2023-12-13,Wednesday,50,December,Dec,12,4,2023
20231214,2023-12-14,Thursday,50,December,Dec,12,4,2023
20231215,2023-12-15,Friday,50,December,Dec,12,4,2023
20231216,2023-12-16,Saturday,50,December,Dec,12,4,2023
20231217,2023-12-17,Sunday,51,December,Dec,12,4,2023
20231218,2023-12-18,Monday,51,December,Dec,12,4,2023
20231219,2023-12-19,Tuesday,51,December,Dec,12,4,2023
20231220,2023-12-20,Wednesday,51,December,Dec,12,4,2023
20231221,2023-12-21,Thursday,51,December,Dec,12,4,2023
20231222,2023-12-22,Friday,51,December,Dec,12,4,2023
20231223,2023-12-23,Saturday,51,December,Dec,12,4,2023
20231224,2023-12-24,Sunday,52,December,Dec,12,4,2023
20231225,2023-12-25,Monday,52,December,Dec,12,4,2023
20231226,2023-12-26,Tuesday,52,December,Dec,12,4,2023
20231227,2023-12-27,Wednesday,52,December,Dec,12,4,2023
20231228,2023-12-28,Thursday,52,December,Dec,12,4,2023
20231229,2023-12-29,Friday,52,December,Dec,12,4,2023
20231230,2023-12-30,Saturday,52,December,Dec,12,4,2023
20231231,2023-12-31,Sunday,53,December,Dec,12,4,2023
20240101,2024-01-01,Monday,1,January,Jan,1,1,2024
20240102,2024-01-02,Tuesday,1,January,Jan,1,1,2024
20240103,2024-01-03,Wednesday,1,January,Jan,1,1,2024
20240104,2024-01-04,Thursday,1,January,Jan,1,1,2024
20240105,2024-01-05,Friday,1,January,Jan,1,1,2024
20240106,2024-01-06,Saturday,1,January,Jan,1,1,2024
20240107,2024-01-07,Sunday,2,January,Jan,1,1,2024
20240108,2024-01-08,Monday,2,January,Jan,1,1,2024
20240109,2024-01-09,Tuesday,2,January,Jan,1,1,2024
20240110,2024-01-10,Wednesday,2,January,Jan,1,1,2024
20240111,2024-01-11,Thursday,2,January,Jan,1,1,2024
20240112,2024-01-12,Friday,2,January,Jan,1,1,2024
20240113,2024-01-13,Saturday,2,January,Jan,1,1,2024
20240114,2024-01-14,Sunday,3,January,Jan,1,1,2024
20240115,2024-01-15,Monday,3,January,Jan,1,1,2024
20240116,2024-01-16,Tuesday,3,January,Jan,1,1,2024
20240117,2024-01-17,Wednesday,3,January,Jan,1,1,2024
20240118,2024-01-18,Thursday,3,January,Jan,1,1,2024
20240119,2024-01-19,Friday,3,January,Jan,1,1,2024
20240120,2024-01-20,Saturday,3,January,Jan,1,1,2024
20240121,2024-01-21,Sunday,4,January,Jan,1,1,2024
20240122,2024-01-22,Monday,4,January,Jan,1,1,2024
20240123,2024-01-23,Tuesday,4,January,Jan,1,1,2024
20240124,2024-01-24,Wednesday,4,January,Jan,1,1,2024
20240125,2024-01-25,Thursday,4,January,Jan,1,1,2024
20240126,2024-01-26,Friday,4,January,Jan,1,1,2024
20240127,2024-01-27,Saturday,4,January,Jan,1,1,2024
20240128,2024-01-28,Sunday,5,January,Jan,1,1,2024
20240129,2024-01-29,Monday,5,January,Jan,1,1,2024
20240130,2024-01-30,Tuesday,5,January,Jan,1,1,2024
20240131,2024-01-31,Wednesday,5,January,Jan,1,1,2024
20240201,2024-02-01,Thursday,5,February,Feb,2,1,2024
20240202,2024-02-02,Friday,5,February,Feb,2,1,2024
20240203,2024-02-03,Saturday,5,February,Feb,2,1,2024
20240204,2024-02-04,Sunday,6,February,Feb,2,1,2024
20240205,2024-02-05,Monday,6,February,Feb,2,1,2024
20240206,2024-02-06,Tuesday,6,February,Feb,2,1,2024
20240207,2024-02-07,Wednesday,6,February,Feb,2,1,2024
20240208,2024-02-08,Thursday,6,February,Feb,2,1,2024
20240209,2024-02-09,Friday,6,February,Feb,2,1,2024
20240210,2024-02-10,Saturday,6,February,Feb,2,1,2024
20240211,2024-02-11,Sunday,7,February,Feb,2,1,2024
20240212,2024-02-12,Monday,7,February,Feb,2,1,2024
20240213,2024-02-13,Tuesday,7,February,Feb,2,1,2024
20240214,2024-02-14,Wednesday,7,February,Feb,2,1,2024
20240215,2024-02-15,Thursday,7,February,Feb,2,1,2024
20240216,2024-02-16,Friday,7,February,Feb,2,1,2024
20240217,2024-02-17,Saturday,7,February,Feb,2,1,2024
20240218,2024-02-18,Sunday,8,February,Feb,2,1,2024
20240219,2024-02-19,Monday,8,February,Feb,2,1,2024
20240220,2024-02-20,Tuesday,8,February,Feb,2,1,2024
20240221,2024-02-21,Wednesday,8,February,Feb,2,1,2024
20240222,2024-02-22,Thursday,8,February,Feb,2,1,2024
20240223,2024-02-23,Friday,8,February,Feb,2,1,2024
20240224,2024-02-24,Saturday,8,February,Feb,2,1,2024
20240225,2024-02-25,Sunday,9,February,Feb,2,1,2024
20240226,2024-02-26,Monday,9,February,Feb,2,1,2024
20240227,2024-02-27,Tuesday,9,February,Feb,2,1,2024
20240228,2024-02-28,Wednesday,9,February,Feb,2,1,2024
20240229,2024-02-29,Thursday,9,February,Feb,2,1,2024
20240301,2024-03-01,Friday,9,March,Mar,3,1,2024
20240302,2024-03-02,Saturday,9,March,Mar,3,1,2024
20240303,2024-03-03,Sunday,10,March,Mar,3,1,2024
20240304,2024-03-04,Monday,10,March,Mar,3,1,2024
20240305,2024-03-05,Tuesday,10,March,Mar,3,1,2024
20240306,2024-03-06,Wednesday,10,March,Mar,3,1,2024
20240307,2024-03-07,Thursday,10,March,Mar,3,1,2024
20240308,2024-03-08,Friday,10,March,Mar,3,1,2024
20240309,2024-03-09,Saturday,10,March,Mar,3,1,2024
20240310,2024-03-10,Sunday,11,March,Mar,3,1,2024
20240311,2024-03-11,Monday,11,March,Mar,3,1,2024
20240312,2024-03-12,Tuesday,11,March,Mar,3,1,2024
20240313,2024-03-13,Wednesday,11,March,Mar,3,1,2024
20240314,2024-03-14,Thursday,11,March,Mar,3,1,2024
20240315,2024-03-15,Friday,11,March,Mar,3,1,2024
20240316,2024-03-16,Saturday,11,March,Mar,3,1,2024
20240317,2024-03-17,Sunday,12,March,Mar,3,1,2024
20240318,2024-03-18,Monday,12,March,Mar,3,1,2024
20240319,2024-03-19,Tuesday,12,March,Mar,3,1,2024
20240320,2024-03-20,Wednesday,12,March,Mar,3,1,2024
20240321,2024-03-21,Thursday,12,March,Mar,3,1,2024
20240322,2024-03-22,Friday,12,March,Mar,3,1,2024
20240323,2024-03-23,Saturday,12,March,Mar,3,1,2024
20240324,2024-03-24,Sunday,13,March,Mar,3,1,2024
20240325,2024-03-25,Monday,13,March,Mar,3,1,2024
20240326,2024-03-26,Tuesday,13,March,Mar,3,1,2024
20240327,2024-03-27,Wednesday,13,March,Mar,3,1,2024
20240328,2024-03-28,Thursday,13,March,Mar,3,1,2024
20240329,2024-03-29,Friday,13,March,Mar,3,1,2024
20240330,2024-03-30,Saturday,13,March,Mar,3,1,2024
20240331,2024-03-31,Sunday,14,March,Mar,3,1,2024
20240401,2024-04-01,Monday,14,April,Apr,4,2,2024
20240402,2024-04-02,Tuesday,14,April,Apr,4,2,2024
20240403,2024-04-03,Wednesday,14,April,Apr,4,2,2024
20240404,2024-04-04,Thursday,14,April,Apr,4,2,2024
20240405,2024-04-05,Friday,14,April,Apr,4,2,2024
20240406,2024-04-06,Saturday,14,April,Apr,4,2,2024
20240407,2024-04-07,Sunday,15,April,Apr,4,2,2024
20240408,2024-04-08,Monday,15,April,Apr,4,2,2024
20240409,2024-04-09,Tuesday,15,April,Apr,4,2,2024
20240410,2024-04-10,Wednesday,15,April,Apr,4,2,2024
20240411,2024-04-11,Thursday,15,April,Apr,4,2,2024
20240412,2024-04-12,Friday,15,April,Apr,4,2,2024
20240413,2024-04-13,Saturday,15,April,Apr,4,2,2024
20240414,2024-04-14,Sunday,16,April,Apr,4,2,2024
20240415,2024-04-15,Monday,16,April,Apr,4,2,2024
20240416,2024-04-16,Tuesday,16,April,Apr,4,2,2024
20240417,2024-04-17,Wednesday,16,April,Apr,4,2,2024
20240418,2024-04-18,Thursday,16,April,Apr,4,2,2024
20240419,2024-04-19,Friday,16,April,Apr,4,2,2024
20240420,2024-04-20,Saturday,16,April,Apr,4,2,2024
20240421,2024-04-21,Sunday,17,April,Apr,4,2,2024
20240422,2024-04-22,Monday,17,April,Apr,4,2,2024
20240423,2024-04-23,Tuesday,17,April,Apr,4,2,2024
20240424,2024-04-24,Wednesday,17,April,Apr,4,2,2024
20240425,2024-04-25,Thursday,17,April,Apr,4,2,2024
20240426,2024-04-26,Friday,17,April,Apr,4,2,2024
20240427,2024-04-27,Saturday,17,April,Apr,4,2,2024
20240428,2024-04-28,Sunday,18,April,Apr,4,2,2024
20240429,2024-04-29,Monday,18,April,Apr,4,2,2024
20240430,2024-04-30,Tuesday,18,April,Apr,4,2,2024
20240501,2024-05-01,Wednesday,18,May,May,5,2,2024
20240502,2024-05-02,Thursday,18,May,May,5,2,2024
20240503,2024-05-03,Friday,18,May,May,5,2,2024
20240504,2024-05-04,Saturday,18,May,May,5,2,2024
20240505,2024-05-05,Sunday,19,May,May,5,2,2024
20240506,2024-05-06,Monday,19,May,May,5,2,2024
20240507,2024-05-07,Tuesday,19,May,May,5,2,2024
20240508,2024-05-08,Wednesday,19,May,May,5,2,2024
20240509,2024-05-09,Thursday,19,May,May,5,2,2024
20240510,2024-05-10,Friday,19,May,May,5,2,2024
20240511,2024-05-11,Saturday,19,May,May,5,2,2024
20240512,2024-05-12,Sunday,20,May,May,5,2,2024
20240513,2024-05-13,Monday,20,May,May,5,2,2024
20240514,2024-05-14,Tuesday,20,May,May,5,2,2024
20240515,2024-05-15,Wednesday,20,May,May,5,2,2024
20240516,2024-05-16,Thursday,20,May,May,5,2,2024
20240517,2024-05-17,Friday,20,May,May,5,2,2024
20240518,2024-05-18,Saturday,20,May,May,5,2,2024
20240519,2024-05-19,Sunday,21,May,May,5,2,2024
20240520,2024-05-20,Monday,21,May,May,5,2,2024
20240521,2024-05-21,Tuesday,21,May,May,5,2,2024
20240522,2024-05-22,Wednesday,21,May,May,5,2,2024
20240523,2024-05-23,Thursday,21,May,May,5,2,2024
20240524,2024-05-24,Friday,21,May,May,5,2,2024
20240525,2024-05-25,Saturday,21,May,May,5,2,2024
20240526,2024-05-26,Sunday,22,May,May,5,2,2024
20240527,2024-05-27,Monday,22,May,May,5,2,2024
20240528,2024-05-28,Tuesday,22,May,May,5,2,2024
20240529,2024-05-29,Wednesday,22,May,May,5,2,2024
20240530,2024-05-30,Thursday,22,May,May,5,2,2024
20240531,2024-05-31,Friday,22,May,May,5,2,2024
20240601,2024-06-01,Saturday,22,June,Jun,6,2,2024
20240602,2024-06-02,Sunday,23,June,Jun,6,2,2024
20240603,2024-06-03,Monday,23,June,Jun,6,2,2024
20240604,2024-06-04,Tuesday,23,June,Jun,6,2,2024
20240605,2024-06-05,Wednesday,23,June,Jun,6,2,2024
20240606,2024-06-06,Thursday,23,June,Jun,6,2,2024
20240607,2024-06-07,Friday,23,June,Jun,6,2,2024
20240608,2024-06-08,Saturday,23,June,Jun,6,2,2024
20240609,2024-06-09,Sunday,24,June,Jun,6,2,2024
20240610,2024-06-10,Monday,24,June,Jun,6,2,2024
20240611,2024-06-11,Tuesday,24,June,Jun,6,2,2024
20240612,2024-06-12,Wednesday,24,June,Jun,6,2,2024
20240613,2024-06-13,Thursday,24,June,Jun,6,2,2024
20240614,2024-06-14,Friday,24,June,Jun,6,2,2024
20240615,2024-06-15,Saturday,24,June,Jun,6,2,2024
20240616,2024-06-16,Sunday,25,June,Jun,6,2,2024
20240617,2024-06-17,Monday,25,June,Jun,6,2,2024
20240618,2024-06-18,Tuesday,25,June,Jun,6,2,2024
20240619,2024-06-19,Wednesday,25,June,Jun,6,2,2024
20240620,2024-06-20,Thursday,25,June,Jun,6,2,2024
20240621,2024-06-21,Friday,25,June,Jun,6,2,2024
20240622,2024-06-22,Saturday,25,June,Jun,6,2,2024
20240623,2024-06-23,Sunday,26,June,Jun,6,2,2024
20240624,2024-06-24,Monday,26,June,Jun,6,2,2024
20240625,2024-06-25,Tuesday,26,June,Jun,6,2,2024
20240626,2024-06-26,Wednesday,26,June,Jun,6,2,2024
20240627,2024-06-27,Thursday,26,June,Jun,6,2,2024
20240628,2024-06-28,Friday,26,June,Jun,6,2,2024
20240629,2024-06-29,Saturday,26,June,Jun,6,2,2024
20240630,2024-06-30,Sunday,27,June,Jun,6,2,2024
20240701,2024-07-01,Monday,27,July,Jul,7,3,2024
20240702,2024-07-02,Tuesday,27,July,Jul,7,3,2024
20240703,2024-07-03,Wednesday,27,July,Jul,7,3,2024
20240704,2024-07-04,Thursday,27,July,Jul,7,3,2024
20240705,2024-07-05,Friday,27,July,Jul,7,3,2024
20240706,2024-07-06,Saturday,27,July,Jul,7,3,2024
20240707,2024-07-07,Sunday,28,July,Jul,7,3,2024
20240708,2024-07-08,Monday,28,July,Jul,7,3,2024
20240709,2024-07-09,Tuesday,28,July,Jul,7,3,2024
20240710,2024-07-10,Wednesday,28,July,Jul,7,3,2024
20240711,2024-07-11,Thursday,28,July,Jul,7,3,2024
20240712,2024-07-12,Friday,28,July,Jul,7,3,2024
20240713,2024-07-13,Saturday,28,July,Jul,7,3,2024
20240714,2024-07-14,Sunday,29,July,Jul,7,3,2024
20240715,2024-07-15,Monday,29,July,Jul,7,3,2024
20240716,2024-07-16,Tuesday,29,July,Jul,7,3,2024
20240717,2024-07-17,Wednesday,29,July,Jul,7,3,2024
20240718,2024-07-18,Thursday,29,July,Jul,7,3,2024
20240719,2024-07-19,Friday,29,July,Jul,7,3,2024
20240720,2024-07-20,Saturday,29,July,Jul,7,3,2024
20240721,2024-07-21,Sunday,30,July,Jul,7,3,2024
20240722,2024-07-22,Monday,30,July,Jul,7,3,2024
20240723,2024-07-23,Tuesday,30,July,Jul,7,3,2024
20240724,2024-07-24,Wednesday,30,July,Jul,7,3,2024
20240725,2024-07-25,Thursday,30,July,Jul,7,3,2024
20240726,2024-07-26,Friday,30,July,Jul,7,3,2024
20240727,2024-07-27,Saturday,30,July,Jul,7,3,2024
20240728,2024-07-28,Sunday,31,July,Jul,7,3,2024
20240729,2024-07-29,Monday,31,July,Jul,7,3,2024
20240730,2024-07-30,Tuesday,31,July,Jul,7,3,2024
20240731,2024-07-31,Wednesday,31,July,Jul,7,3,2024
20240801,2024-08-01,Thursday,31,August,Aug,8,3,2024
20240802,2024-08-02,Friday,31,August,Aug,8,3,2024
20240803,2024-08-03,Saturday,31,August,Aug,8,3,2024
20240804,2024-08-04,Sunday,32,August,Aug,8,3,2024
20240805,2024-08-05,Monday,32,August,Aug,8,3,2024
20240806,2024-08-06,Tuesday,32,August,Aug,8,3,2024
20240807,2024-08-07,Wednesday,32,August,Aug,8,3,2024
20240808,2024-08-08,Thursday,32,August,Aug,8,3,2024
20240809,2024-08-09,Friday,32,August,Aug,8,3,2024
20240810,2024-08-10,Saturday,32,August,Aug,8,3,2024
20240811,2024-08-11,Sunday,33,August,Aug,8,3,2024
20240812,2024-08-12,Monday,33,August,Aug,8,3,2024
20240813,2024-08-13,Tuesday,33,August,Aug,8,3,2024
20240814,2024-08-14,Wednesday,33,August,Aug,8,3,2024
20240815,2024-08-15,Thursday,33,August,Aug,8,3,2024
20240816,2024-08-16,Friday,33,August,Aug,8,3,2024
20240817,2024-08-17,Saturday,33,August,Aug,8,3,2024
20240818,2024-08-18,Sunday,34,August,Aug,8,3,2024
20240819,2024-08-19,Monday,34,August,Aug,8,3,2024
20240820,2024-08-20,Tuesday,34,August,Aug,8,3,2024
20240821,2024-08-21,Wednesday,34,August,Aug,8,3,2024
20240822,2024-08-22,Thursday,34,August,Aug,8,3,2024
20240823,2024-08-23,Friday,34,August,Aug,8,3,2024
20240824,2024-08-24,Saturday,34,August,Aug,8,3,2024
20240825,2024-08-25,Sunday,35,August,Aug,8,3,2024
20240826,2024-08-26,Monday,35,August,Aug,8,3,2024
20240827,2024-08-27,Tuesday,35,August,Aug,8,3,2024
20240828,2024-08-28,Wednesday,35,August,Aug,8,3,2024
20240829,2024-08-29,Thursday,35,August,Aug,8,3,2024
20240830,2024-08-30,Friday,35,August,Aug,8,3,2024
20240831,2024-08-31,Saturday,35,August,Aug,8,3,2024
20240901,2024-09-01,Sunday,36,September,Sep,9,3,2024
20240902,2024-09-02,Monday,36,September,Sep,9,3,2024
20240903,2024-09-03,Tuesday,36,September,Sep,9,3,2024
20240904,2024-09-04,Wednesday,36,September,Sep,9,3,2024
20240905,2024-09-05,Thursday,36,September,Sep,9,3,2024
20240906,2024-09-06,Friday,36,September,Sep,9,3,2024
20240907,2024-09-07,Saturday,36,September,Sep,9,3,2024
20240908,2024-09-08,Sunday,37,September,Sep,9,3,2024
20240909,2024-09-09,Monday,37,September,Sep,9,3,2024
20240910,2024-09-10,Tuesday,37,September,Sep,9,3,2024
20240911,2024-09-11,Wednesday,37,September,Sep,9,3,2024
20240912,2024-09-12,Thursday,37,September,Sep,9,3,2024
20240913,2024-09-13,Friday,37,September,Sep,9,3,2024
20240914,2024-09-14,Saturday,37,September,Sep,9,3,2024
20240915,2024-09-15,Sunday,38,September,Sep,9,3,2024
20240916,2024-09-16,Monday,38,September,Sep,9,3,2024
20240917,2024-09-17,Tuesday,38,September,Sep,9,3,2024
20240918,2024-09-18,Wednesday,38,September,Sep,9,3,2024
20240919,2024-09-19,Thursday,38,September,Sep,9,3,2024
20240920,2024-09-20,Friday,38,September,Sep,9,3,2024
20240921,2024-09-21,Saturday,38,September,Sep,9,3,2024
20240922,2024-09-22,Sunday,39,September,Sep,9,3,2024
20240923,2024-09-23,Monday,39,September,Sep,9,3,2024
20240924,2024-09-24,Tuesday,39,September,Sep,9,3,2024
20240925,2024-09-25,Wednesday,39,September,Sep,9,3,2024
20240926,2024-09-26,Thursday,39,September,Sep,9,3,2024
20240927,2024-09-27,Friday,39,September,Sep,9,3,2024
20240928,2024-09-28,Saturday,39,September,Sep,9,3,2024
20240929,2024-09-29,Sunday,40,September,Sep,9,3,2024
20240930,2024-09-30,Monday,40,September,Sep,9,3,2024
20241001,2024-10-01,Tuesday,40,October,Oct,10,4,2024
20241002,2024-10-02,Wednesday,40,October,Oct,10,4,2024
20241003,2024-10-03,Thursday,40,October,Oct,10,4,2024
20241004,2024-10-04,Friday,40,October,Oct,10,4,2024
20241005,2024-10-05,Saturday,40,October,Oct,10,4,2024
20241006,2024-10-06,Sunday,41,October,Oct,10,4,2024
20241007,2024-10-07,Monday,41,October,Oct,10,4,2024
20241008,2024-10-08,Tuesday,41,October,Oct,10,4,2024
20241009,2024-10-09,Wednesday,41,October,Oct,10,4,2024
20241010,2024-10-10,Thursday,41,October,Oct,10,4,2024
20241011,2024-10-11,Friday,41,October,Oct,10,4,2024
20241012,2024-10-12,Saturday,41,October,Oct,10,4,2024
20241013,2024-10-13,Sunday,42,October,Oct,10,4,2024
20241014,2024-10-14,Monday,42,October,Oct,10,4,2024
20241015,2024-10-15,Tuesday,42,October,Oct,10,4,2024
20241016,2024-10-16,Wednesday,42,October,Oct,10,4,2024
20241017,2024-10-17,Thursday,42,October,Oct,10,4,2024
20241018,2024-10-18,Friday,42,October,Oct,10,4,2024
20241019,2024-10-19,Saturday,42,October,Oct,10,4,2024
20241020,2024-10-20,Sunday,43,October,Oct,10,4,2024
20241021,2024-10-21,Monday,43,October,Oct,10,4,2024
20241022,2024-10-22,Tuesday,43,October,Oct,10,4,2024
20241023,2024-10-23,Wednesday,43,October,Oct,10,4,2024
20241024,2024-10-24,Thursday,43,October,Oct,10,4,2024
20241025,2024-10-25,Friday,43,October,Oct,10,4,2024
20241026,2024-10-26,Saturday,43,October,Oct,10,4,2024
20241027,2024-10-27,Sunday,44,October,Oct,10,4,2024
20241028,2024-10-28,Monday,44,October,Oct,10,4,2024
20241029,2024-10-29,Tuesday,44,October,Oct,10,4,2024
20241030,2024-10-30,Wednesday,44,October,Oct,10,4,2024
20241031,2024-10-31,Thursday,44,October,Oct,10,4,2024
20241101,2024-11-01,Friday,44,November,Nov,11,4,2024
20241102,2024-11-02,Saturday,44,November,Nov,11,4,2024
20241103,2024-11-03,Sunday,45,November,Nov,11,4,2024
20241104,2024-11-04,Monday,45,November,Nov,11,4,2024
20241105,2024-11-05,Tuesday,45,November,Nov,11,4,2024
20241106,2024-11-06,Wednesday,45,November,Nov,11,4,2024
20241107,2024-11-07,Thursday,45,November,Nov,11,4,2024
20241108,2024-11-08,Friday,45,November,Nov,11,4,2024
20241109,2024-11-09,Saturday,45,November,Nov,11,4,2024
20241110,2024-11-10,Sunday,46,November,Nov,11,4,2024
20241111,2024-11-11,Monday,46,November,Nov,11,4,2024
20241112,2024-11-12,Tuesday,46,November,Nov,11,4,2024
20241113,2024-11-13,Wednesday,46,November,Nov,11,4,2024
20241114,2024-11-14,Thursday,46,November,Nov,11,4,2024
20241115,2024-11-15,Friday,46,November,Nov,11,4,2024
20241116,2024-11-16,Saturday,46,November,Nov,11,4,2024
20241117,2024-11-17,Sunday,47,November,Nov,11,4,2024
20241118,2024-11-18,Monday,47,November,Nov,11,4,2024
20241119,2024-11-19,Tuesday,47,November,Nov,11,4,2024
20241120,2024-11-20,Wednesday,47,November,Nov,11,4,2024
20241121,2024-11-21,Thursday,47,November,Nov,11,4,2024
20241122,2024-11-22,Friday,47,November,Nov,11,4,2024
20241123,2024-11-23,Saturday,47,November,Nov,11,4,2024
20241124,2024-11-24,Sunday,48,November,Nov,11,4,2024
20241125,2024-11-25,Monday,48,November,Nov,11,4,2024
20241126,2024-11-26,Tuesday,48,November,Nov,11,4,2024
20241127,2024-11-27,Wednesday,48,November,Nov,11,4,2024
20241128,2024-11-28,Thursday,48,November,Nov,11,4,2024
20241129,2024-11-29,Friday,48,November,Nov,11,4,2024
20241130,2024-11-30,Saturday,48,November,Nov,11,4,2024
20241201,2024-12-01,Sunday,49,December,Dec,12,4,2024
20241202,2024-12-02,Monday,49,December,Dec,12,4,2024
20241203,2024-12-03,Tuesday,49,December,Dec,12,4,2024
20241204,2024-12-04,Wednesday,49,December,Dec,12,4,2024
20241205,2024-12-05,Thursday,49,December,Dec,12,4,2024
20241206,2024-12-06,Friday,49,December,Dec,12,4,2024
20241207,2024-12-07,Saturday,49,December,Dec,12,4,2024
20241208,2024-12-08,Sunday,50,December,Dec,12,4,2024
20241209,2024-12-09,Monday,50,December,Dec,12,4,2024
20241210,2024-12-10,Tuesday,50,December,Dec,12,4,2024
20241211,2024-12-11,Wednesday,50,December,Dec,12,4,2024
20241212,2024-12-12,Thursday,50,December,Dec,12,4,2024
20241213,2024-12-13,Friday,50,December,Dec,12,4,2024
20241214,2024-12-14,Saturday,50,December,Dec,12,4,2024
20241215,2024-12-15,Sunday,51,December,Dec,12,4,2024
20241216,2024-12-16,Monday,51,December,Dec,12,4,2024
20241217,2024-12-17,Tuesday,51,December,Dec,12,4,2024
20241218,2024-12-18,Wednesday,51,December,Dec,12,4,2024
20241219,2024-12-19,Thursday,51,December,Dec,12,4,2024
20241220,2024-12-20,Friday,51,December,Dec,12,4,2024
20241221,2024-12-21,Saturday,51,December,Dec,12,4,2024
20241222,2024-12-22,Sunday,52,December,Dec,12,4,2024
20241223,2024-12-23,Monday,52,December,Dec,12,4,2024
20241224,2024-12-24,Tuesday,52,December,Dec,12,4,2024
20241225,2024-12-25,Wednesday,52,December,Dec,12,4,2024
20241226,2024-12-26,Thursday,52,December,Dec,12,4,2024
20241227,2024-12-27,Friday,52,December,Dec,12,4,2024
20241228,2024-12-28,Saturday,52,December,Dec,12,4,2024
20241229,2024-12-29,Sunday,53,December,Dec,12,4,2024
20241230,2024-12-30,Monday,53,December,Dec,12,4,2024
20241231,2024-12-31,Tuesday,53,December,Dec,12,4,2024
